Cost: 215
0-26-17-51-0
0-34-46-52-27-4-0
0-40-32-50-25-39-58-0
0-30-21-47-48-29-45-0
Cost: 215
0-30-21-47-48-29-45-0
0-46-19-54-27-52-34-0
0-26-17-0
0-51-3-44-50-32-40-0
Cost: 215
0-26-17-51-0
0-34-46-52-27-4-0
0-40-32-50-25-39-58-0
0-30-21-47-48-29-45-0
Cost: 215
0-40-32-50-25-39-58-0
0-51-17-26-0
0-46-34-52-27-4-0
0-45-29-48-47-21-30-0
Cost: 215
0-34-52-27-54-19-46-0
0-26-17-0
0-45-29-48-47-21-30-0
0-40-32-50-44-3-51-0
Cost: 215
0-26-17-51-0
0-30-21-47-48-29-45-0
0-40-32-50-25-39-58-0
0-4-27-52-46-34-0
Cost: 215
0-26-17-51-0
0-30-21-47-48-29-45-0
0-40-32-50-25-39-58-0
0-4-27-52-46-34-0
Cost: 215
0-26-17-51-0
0-30-21-47-48-29-45-0
0-40-32-50-25-39-58-0
0-4-27-52-46-34-0
Cost: 215
0-26-17-51-0
0-30-21-47-48-29-45-0
0-40-32-50-25-39-58-0
0-4-27-52-46-34-0
Cost: 215
0-26-17-51-0
0-30-21-47-48-29-45-0
0-40-32-50-25-39-58-0
0-4-27-52-46-34-0
Cost: 215
0-51-44-18-50-32-40-0
0-34-52-54-19-35-7-0
0-26-17-0
0-30-48-29-45-27-46-0
Cost: 215
0-51-44-18-50-32-40-0
0-34-52-54-19-35-7-0
0-26-17-0
0-30-48-29-45-27-46-0
Cost: 215
0-51-44-18-50-32-40-0
0-34-52-54-19-35-7-0
0-26-17-0
0-30-48-29-45-27-46-0
Cost: 215
0-17-26-0
0-40-32-50-44-3-51-0
0-46-19-54-27-52-34-0
0-45-29-48-47-21-30-0
Cost: 215
0-51-44-18-50-32-40-0
0-34-52-54-19-35-7-0
0-26-17-0
0-30-48-29-45-27-46-0
Cost: 215
0-51-44-18-50-32-40-0
0-34-52-54-19-35-7-0
0-26-17-0
0-30-48-29-45-27-46-0
Cost: 215
0-51-44-18-50-32-40-0
0-34-52-54-19-35-7-0
0-26-17-0
0-30-48-29-45-27-46-0
Cost: 215
0-40-32-50-25-39-58-0
0-51-17-26-0
0-46-34-52-27-4-0
0-30-21-47-48-29-45-0
Cost: 215
0-26-53-35-19-8-46-0
0-27-52-34-0
0-40-32-50-18-44-51-0
0-30-48-29-45-4-0
Cost: 215
0-26-53-35-19-8-46-0
0-27-52-34-0
0-40-32-50-18-44-51-0
0-30-48-29-45-4-0
Cost: 215
0-26-53-35-19-8-46-0
0-27-52-34-0
0-40-32-50-18-44-51-0
0-30-48-29-45-4-0
Cost: 215
0-26-53-35-19-8-46-0
0-27-52-34-0
0-40-32-50-18-44-51-0
0-30-48-29-45-4-0
Cost: 215
0-26-53-35-19-8-46-0
0-4-45-29-48-30-0
0-27-52-34-0
0-51-44-18-50-32-40-0
Cost: 215
0-26-53-35-19-8-46-0
0-27-52-34-0
0-40-32-50-18-44-51-0
0-30-48-29-45-4-0
Cost: 215
0-40-32-50-25-39-58-0
0-51-17-26-0
0-46-34-52-27-4-0
0-30-21-47-48-29-45-0
Cost: 215
0-26-53-35-19-8-46-0
0-27-52-34-0
0-40-32-50-18-44-51-0
0-30-48-29-45-4-0
Cost: 215
0-26-17-0
0-46-19-54-27-52-34-0
0-51-3-44-50-32-40-0
0-30-21-47-48-29-45-0
Cost: 215
0-17-26-0
0-51-44-18-50-32-40-0
0-30-48-29-45-27-46-0
0-34-52-54-19-35-7-0
Cost: 215
0-17-26-0
0-46-27-45-29-48-30-0
0-51-44-18-50-32-40-0
0-34-52-54-19-35-7-0
Cost: 215
0-46-19-54-27-52-34-0
0-40-32-50-44-3-51-0
0-30-21-47-48-29-45-0
0-26-17-0
Cost: 215
0-4-27-52-46-34-0
0-58-39-25-50-32-40-0
0-51-17-26-0
0-30-21-47-48-29-45-0
