Cost: 508
0-51-23-56-41-43-22-1-33-0
0-3-44-32-18-24-49-16-0
0-26-12-40-17-0
0-2-30-29-45-4-0
0-34-15-20-36-47-21-48-0
0-52-13-54-19-35-8-46-0
0-7-53-11-38-10-58-0
Cost: 508
0-26-12-40-17-0
0-16-49-24-18-32-44-3-0
0-48-21-47-36-20-15-34-0
0-51-23-56-41-43-22-1-33-0
0-2-30-29-45-4-0
0-52-13-54-19-35-8-46-0
0-58-10-38-11-53-7-0
Cost: 508
0-7-53-11-38-10-58-0
0-48-21-47-36-20-15-34-0
0-16-49-24-18-32-44-3-0
0-51-23-56-41-43-22-1-33-0
0-52-13-54-19-35-8-46-0
0-4-45-29-30-2-0
0-17-40-12-26-0
Cost: 508
0-46-8-35-19-54-13-52-0
0-26-12-40-17-0
0-7-53-11-38-10-58-0
0-2-30-29-45-4-0
0-16-49-24-18-32-44-3-0
0-34-15-20-36-47-21-48-0
0-33-1-22-43-41-56-23-51-0
Cost: 508
0-52-13-54-19-35-8-46-0
0-4-45-29-30-2-0
0-26-12-40-17-0
0-3-44-32-18-24-49-16-0
0-7-53-11-38-10-58-0
0-33-1-22-43-41-56-23-51-0
0-34-15-20-36-47-21-48-0
Cost: 508
0-3-44-32-18-24-49-16-0
0-52-13-54-19-35-8-46-0
0-4-45-29-30-2-0
0-26-12-40-17-0
0-51-23-56-41-43-22-1-33-0
0-7-53-11-38-10-58-0
0-48-21-47-36-20-15-34-0
Cost: 508
0-3-44-32-18-24-49-16-0
0-52-13-54-19-35-8-46-0
0-4-45-29-30-2-0
0-26-12-40-17-0
0-51-23-56-41-43-22-1-33-0
0-7-53-11-38-10-58-0
0-48-21-47-36-20-15-34-0
Cost: 508
0-3-44-32-18-24-49-16-0
0-52-13-54-19-35-8-46-0
0-4-45-29-30-2-0
0-26-12-40-17-0
0-51-23-56-41-43-22-1-33-0
0-7-53-11-38-10-58-0
0-48-21-47-36-20-15-34-0
Cost: 508
0-4-45-29-30-2-0
0-48-21-47-36-20-15-34-0
0-3-44-32-18-24-49-16-0
0-58-10-38-11-53-7-0
0-26-12-40-17-0
0-51-23-56-41-43-22-1-33-0
0-52-13-54-19-35-8-46-0
Cost: 508
0-48-21-47-36-20-15-34-0
0-7-53-11-38-10-58-0
0-4-45-29-30-2-0
0-26-12-40-17-0
0-3-44-32-18-24-49-16-0
0-51-23-56-41-43-22-1-33-0
0-52-13-54-19-35-8-46-0
Cost: 509
0-51-3-44-50-18-25-32-0
0-45-15-20-36-47-48-4-0
0-33-1-43-41-56-23-16-0
0-2-62-22-28-21-30-0
0-17-40-12-26-0
0-46-35-53-11-38-10-0
0-7-8-19-54-13-52-34-0
Cost: 508
0-58-10-38-11-53-7-0
0-16-49-24-18-32-44-3-0
0-2-30-29-45-4-0
0-34-15-20-36-47-21-48-0
0-26-12-40-17-0
0-46-8-35-19-54-13-52-0
0-33-1-22-43-41-56-23-51-0
Cost: 509
0-51-3-44-50-18-25-32-0
0-45-15-20-36-47-48-4-0
0-33-1-43-41-56-23-16-0
0-2-62-22-28-21-30-0
0-17-40-12-26-0
0-46-35-53-11-38-10-0
0-7-8-19-54-13-52-34-0
Cost: 508
0-3-44-32-18-24-49-16-0
0-52-13-54-19-35-8-46-0
0-48-21-47-36-20-15-34-0
0-7-53-11-38-10-58-0
0-4-45-29-30-2-0
0-26-12-40-17-0
0-51-23-56-41-43-22-1-33-0
Cost: 508
0-34-15-20-36-47-21-48-0
0-58-10-38-11-53-7-0
0-51-23-56-41-43-22-1-33-0
0-16-49-24-18-32-44-3-0
0-4-45-29-30-2-0
0-52-13-54-19-35-8-46-0
0-17-40-12-26-0
Cost: 508
0-3-44-32-18-24-49-16-0
0-52-13-54-19-35-8-46-0
0-48-21-47-36-20-15-34-0
0-7-53-11-38-10-58-0
0-4-45-29-30-2-0
0-26-12-40-17-0
0-51-23-56-41-43-22-1-33-0
Cost: 509
0-51-3-44-50-18-25-32-0
0-45-15-20-36-47-48-4-0
0-33-1-43-41-56-23-16-0
0-2-62-22-28-21-30-0
0-17-40-12-26-0
0-46-35-53-11-38-10-0
0-7-8-19-54-13-52-34-0
Cost: 508
0-33-1-22-43-41-56-23-51-0
0-58-10-38-11-53-7-0
0-4-45-29-30-2-0
0-17-40-12-26-0
0-34-15-20-36-47-21-48-0
0-46-8-35-19-54-13-52-0
0-3-44-32-18-24-49-16-0
Cost: 508
0-17-40-12-26-0
0-33-1-22-43-41-56-23-51-0
0-4-45-29-30-2-0
0-58-10-38-11-53-7-0
0-16-49-24-18-32-44-3-0
0-48-21-47-36-20-15-34-0
0-46-8-35-19-54-13-52-0
Cost: 508
0-17-40-12-26-0
0-33-1-22-43-41-56-23-51-0
0-4-45-29-30-2-0
0-58-10-38-11-53-7-0
0-16-49-24-18-32-44-3-0
0-48-21-47-36-20-15-34-0
0-46-8-35-19-54-13-52-0
Cost: 508
0-34-15-20-36-47-21-48-0
0-3-44-32-18-24-49-16-0
0-46-8-35-19-54-13-52-0
0-33-1-22-43-41-56-23-51-0
0-58-10-38-11-53-7-0
0-26-12-40-17-0
0-2-30-29-45-4-0
Cost: 508
0-46-8-35-19-54-13-52-0
0-7-53-11-38-10-58-0
0-51-23-56-41-43-22-1-33-0
0-4-45-29-30-2-0
0-48-21-47-36-20-15-34-0
0-17-40-12-26-0
0-3-44-32-18-24-49-16-0
Cost: 509
0-32-25-18-50-44-3-51-0
0-46-35-53-11-38-10-0
0-2-62-22-28-21-30-0
0-45-15-20-36-47-48-4-0
0-33-1-43-41-56-23-16-0
0-7-8-19-54-13-52-34-0
0-26-12-40-17-0
Cost: 508
0-46-8-35-19-54-13-52-0
0-7-53-11-38-10-58-0
0-51-23-56-41-43-22-1-33-0
0-4-45-29-30-2-0
0-48-21-47-36-20-15-34-0
0-17-40-12-26-0
0-3-44-32-18-24-49-16-0
Cost: 508
0-33-1-22-43-41-56-23-51-0
0-58-10-38-11-53-7-0
0-4-45-29-30-2-0
0-17-40-12-26-0
0-34-15-20-36-47-21-48-0
0-46-8-35-19-54-13-52-0
0-3-44-32-18-24-49-16-0
Cost: 509
0-51-3-44-50-18-25-32-0
0-45-15-20-36-47-48-4-0
0-33-1-43-41-56-23-16-0
0-2-62-22-28-21-30-0
0-17-40-12-26-0
0-46-35-53-11-38-10-0
0-7-8-19-54-13-52-34-0
Cost: 508
0-33-1-22-43-41-56-23-51-0
0-3-44-32-18-24-49-16-0
0-48-21-47-36-20-15-34-0
0-46-8-35-19-54-13-52-0
0-4-45-29-30-2-0
0-58-10-38-11-53-7-0
0-26-12-40-17-0
Cost: 509
0-32-25-18-50-44-3-51-0
0-52-13-54-19-35-8-46-0
0-4-30-48-29-45-34-0
0-33-1-43-41-56-23-16-0
0-7-53-11-38-10-58-0
0-2-22-21-47-36-20-15-0
0-17-40-12-26-0
Cost: 510
0-26-12-40-17-0
0-45-15-20-36-47-48-4-0
0-7-53-14-11-38-10-0
0-2-62-22-28-21-30-0
0-16-23-56-41-43-1-33-0
0-51-3-44-50-18-25-32-0
0-34-52-54-19-35-8-46-0
Cost: 508
0-26-12-40-17-0
0-58-10-38-11-53-7-0
0-34-15-20-36-47-21-48-0
0-46-8-35-19-54-13-52-0
0-2-30-29-45-4-0
0-33-1-22-43-41-56-23-51-0
0-16-49-24-18-32-44-3-0
Cost: 508
0-26-12-40-17-0
0-51-23-56-41-43-22-1-33-0
0-4-45-29-30-2-0
0-3-44-32-18-24-49-16-0
0-52-13-54-19-35-8-46-0
0-7-53-11-38-10-58-0
0-34-15-20-36-47-21-48-0
