Cost: 244
0-17-40-44-32-9-39-12-26-0
0-16-23-41-42-43-1-33-6-0
0-30-48-5-37-15-29-45-4-0
0-34-46-0
Cost: 244
0-30-48-5-37-15-29-45-4-0
0-26-12-39-9-32-44-40-17-0
0-6-33-1-43-42-41-23-16-0
0-34-46-0
Cost: 244
0-17-40-44-32-9-39-12-26-0
0-16-23-41-42-43-1-33-6-0
0-30-48-5-37-15-29-45-4-0
0-34-46-0
Cost: 244
0-17-40-44-32-9-39-12-26-0
0-16-23-41-42-43-1-33-6-0
0-30-48-5-37-15-29-45-4-0
0-34-46-0
Cost: 244
0-17-40-44-32-9-39-12-26-0
0-16-23-41-42-43-1-33-6-0
0-30-48-5-37-15-29-45-4-0
0-34-46-0
Cost: 244
0-17-40-44-32-9-39-12-26-0
0-16-23-41-42-43-1-33-6-0
0-30-48-5-37-15-29-45-4-0
0-34-46-0
Cost: 244
0-17-40-44-32-9-39-12-26-0
0-16-23-41-42-43-1-33-6-0
0-30-48-5-37-15-29-45-4-0
0-34-46-0
Cost: 244
0-17-40-44-32-9-39-12-26-0
0-16-23-41-42-43-1-33-6-0
0-30-48-5-37-15-29-45-4-0
0-34-46-0
Cost: 244
0-17-40-44-32-9-39-12-26-0
0-16-23-41-42-43-1-33-6-0
0-30-48-5-37-15-29-45-4-0
0-34-46-0
Cost: 244
0-17-40-44-32-9-39-12-26-0
0-16-23-41-42-43-1-33-6-0
0-30-48-5-37-15-29-45-4-0
0-34-46-0
Cost: 244
0-6-33-1-43-42-41-23-16-0
0-30-48-5-37-15-29-45-4-0
0-34-46-0
0-17-40-44-32-9-39-12-26-0
Cost: 244
0-6-33-1-43-42-41-23-16-0
0-30-48-5-37-15-29-45-4-0
0-34-46-0
0-17-40-44-32-9-39-12-26-0
Cost: 244
0-6-33-1-43-42-41-23-16-0
0-30-48-5-37-15-29-45-4-0
0-34-46-0
0-17-40-44-32-9-39-12-26-0
Cost: 244
0-17-40-44-32-9-39-12-26-0
0-4-45-29-15-37-5-48-30-0
0-34-46-0
0-6-33-1-43-42-41-23-16-0
Cost: 244
0-6-33-1-43-42-41-23-16-0
0-30-48-5-37-15-29-45-4-0
0-34-46-0
0-17-40-44-32-9-39-12-26-0
Cost: 244
0-6-33-1-43-42-41-23-16-0
0-30-48-5-37-15-29-45-4-0
0-34-46-0
0-17-40-44-32-9-39-12-26-0
Cost: 244
0-26-12-39-9-32-44-40-17-0
0-30-48-5-37-15-29-45-4-0
0-34-46-0
0-6-33-1-43-42-41-23-16-0
Cost: 244
0-17-40-39-9-32-44-3-51-0
0-30-29-45-4-0
0-16-23-41-42-43-1-33-6-0
0-26-35-19-8-46-34-0
Cost: 244
0-17-40-44-32-9-39-12-26-0
0-46-34-0
0-16-23-41-42-43-1-33-6-0
0-30-48-5-37-15-29-45-4-0
Cost: 244
0-17-40-44-32-9-39-12-26-0
0-46-34-0
0-16-23-41-42-43-1-33-6-0
0-30-48-5-37-15-29-45-4-0
Cost: 244
0-46-34-0
0-26-12-39-9-32-44-40-17-0
0-30-48-5-37-15-29-45-4-0
0-16-23-41-42-43-1-33-6-0
Cost: 244
0-46-34-0
0-26-12-39-9-32-44-40-17-0
0-30-48-5-37-15-29-45-4-0
0-16-23-41-42-43-1-33-6-0
Cost: 244
0-6-33-1-43-41-42-22-30-0
0-4-27-52-19-35-8-46-34-0
0-51-16-3-44-32-9-39-40-0
0-17-26-0
Cost: 244
0-46-34-0
0-26-12-39-9-32-44-40-17-0
0-30-48-5-37-15-29-45-4-0
0-16-23-41-42-43-1-33-6-0
Cost: 244
0-17-40-39-9-32-44-3-51-0
0-30-29-45-4-0
0-16-23-41-42-43-1-33-6-0
0-26-35-19-8-46-34-0
Cost: 244
0-17-40-44-32-9-39-12-26-0
0-46-34-0
0-16-23-41-42-43-1-33-6-0
0-30-48-5-37-15-29-45-4-0
Cost: 244
0-6-33-1-43-42-41-23-16-0
0-26-7-35-19-8-46-34-0
0-51-3-44-32-39-40-17-0
0-30-29-45-4-0
Cost: 244
0-34-46-19-35-7-26-0
0-16-23-41-42-43-1-33-6-0
0-4-45-29-30-0
0-51-3-44-32-9-39-40-17-0
Cost: 244
0-46-34-0
0-30-48-5-37-15-29-45-4-0
0-6-33-1-43-42-41-23-16-0
0-26-12-39-9-32-44-40-17-0
Cost: 244
0-51-3-44-32-9-39-40-17-0
0-6-33-1-43-42-41-23-16-0
0-26-35-19-8-46-34-0
0-30-29-45-4-0
Cost: 244
0-4-45-29-15-37-5-48-30-0
0-26-12-39-9-32-44-40-17-0
0-6-33-1-43-42-41-23-16-0
0-46-34-0
