Cost: 473
0-16-24-23-56-41-1-6-0
0-26-7-58-12-40-17-0
0-27-13-57-37-5-29-0
0-51-44-32-50-25-9-0
0-34-46-8-54-19-53-0
0-2-21-59-36-48-4-0
Cost: 473
0-26-7-58-12-40-17-0
0-53-19-54-8-46-34-0
0-6-1-41-56-23-24-16-0
0-9-25-50-32-44-51-0
0-2-21-59-36-47-4-0
0-29-5-37-57-13-27-0
Cost: 473
0-16-24-23-56-41-1-6-0
0-26-7-58-12-40-17-0
0-27-13-57-37-5-29-0
0-51-44-32-50-25-9-0
0-34-46-8-54-19-53-0
0-2-21-59-36-48-4-0
Cost: 473
0-34-46-8-54-19-53-0
0-2-21-59-36-47-4-0
0-51-44-32-50-25-9-0
0-16-24-23-56-41-1-6-0
0-26-7-58-12-40-17-0
0-27-13-57-37-5-29-0
Cost: 473
0-17-40-12-58-7-26-0
0-16-24-23-56-41-1-6-0
0-53-19-54-8-46-34-0
0-4-47-36-59-21-2-0
0-27-13-57-37-5-29-0
0-51-44-32-50-25-9-0
Cost: 473
0-26-7-58-12-40-17-0
0-16-24-23-56-41-1-6-0
0-4-48-36-59-21-2-0
0-51-44-32-50-25-9-0
0-27-13-57-37-5-29-0
0-53-19-54-8-46-34-0
Cost: 473
0-6-1-41-56-23-24-16-0
0-53-19-54-8-46-34-0
0-9-25-50-32-44-51-0
0-2-21-59-36-48-4-0
0-17-40-12-58-7-26-0
0-27-13-57-37-5-29-0
Cost: 473
0-27-13-57-37-5-29-0
0-16-24-23-56-41-1-6-0
0-2-21-59-36-47-4-0
0-53-19-54-8-46-34-0
0-17-40-12-58-7-26-0
0-51-44-32-50-25-9-0
Cost: 473
0-26-7-58-12-40-17-0
0-4-48-36-59-21-2-0
0-29-5-37-57-13-27-0
0-51-44-32-50-25-9-0
0-53-19-54-8-46-34-0
0-16-24-23-56-41-1-6-0
Cost: 473
0-2-21-59-36-48-4-0
0-27-13-57-37-5-29-0
0-9-25-50-32-44-51-0
0-26-7-58-12-40-17-0
0-16-24-23-56-41-1-6-0
0-53-19-54-8-46-34-0
Cost: 473
0-26-7-58-12-40-17-0
0-9-25-50-32-44-51-0
0-6-1-41-56-23-24-16-0
0-34-46-8-54-19-53-0
0-4-47-36-59-21-2-0
0-29-5-37-57-13-27-0
Cost: 473
0-26-7-58-12-40-17-0
0-29-5-37-57-13-27-0
0-9-25-50-32-44-51-0
0-53-19-54-8-46-34-0
0-16-24-23-56-41-1-6-0
0-4-48-36-59-21-2-0
Cost: 473
0-2-21-59-36-47-4-0
0-17-40-12-58-7-26-0
0-16-24-23-56-41-1-6-0
0-9-25-50-32-44-51-0
0-34-46-8-54-19-53-0
0-29-5-37-57-13-27-0
Cost: 482
0-52-27-13-54-8-46-0
0-24-49-23-56-41-1-6-0
0-17-40-44-16-33-2-0
0-57-5-47-59-21-30-0
0-26-58-38-53-19-35-7-0
0-3-32-25-9-12-0
Cost: 473
0-29-5-37-57-13-27-0
0-6-1-41-56-23-24-16-0
0-26-7-58-12-40-17-0
0-2-21-59-36-48-4-0
0-9-25-50-32-44-51-0
0-53-19-54-8-46-34-0
Cost: 473
0-6-1-41-56-23-24-16-0
0-53-19-54-8-46-34-0
0-29-5-37-57-13-27-0
0-2-21-59-36-48-4-0
0-26-7-58-12-40-17-0
0-9-25-50-32-44-51-0
Cost: 473
0-17-40-12-58-7-26-0
0-53-19-54-8-46-34-0
0-27-13-57-37-5-29-0
0-2-21-59-36-48-4-0
0-9-25-50-32-44-51-0
0-16-24-23-56-41-1-6-0
Cost: 473
0-16-24-23-56-41-1-6-0
0-34-46-8-54-19-53-0
0-29-5-37-57-13-27-0
0-2-21-59-36-48-4-0
0-17-40-12-58-7-26-0
0-51-44-32-50-25-9-0
Cost: 473
0-29-5-37-57-13-27-0
0-2-21-59-36-48-4-0
0-9-25-50-32-44-51-0
0-34-46-8-54-19-53-0
0-26-7-58-12-40-17-0
0-6-1-41-56-23-24-16-0
Cost: 473
0-29-5-37-57-13-27-0
0-2-21-59-36-48-4-0
0-9-25-50-32-44-51-0
0-34-46-8-54-19-53-0
0-26-7-58-12-40-17-0
0-6-1-41-56-23-24-16-0
Cost: 473
0-51-44-32-50-25-9-0
0-4-48-36-59-21-2-0
0-26-7-58-12-40-17-0
0-34-46-8-54-19-53-0
0-16-24-23-56-41-1-6-0
0-29-5-37-57-13-27-0
Cost: 473
0-26-7-58-12-40-17-0
0-16-24-23-56-41-1-6-0
0-2-21-59-36-48-4-0
0-9-25-50-32-44-51-0
0-34-46-8-54-19-53-0
0-29-5-37-57-13-27-0
Cost: 473
0-53-19-54-8-46-34-0
0-9-25-50-32-44-51-0
0-4-47-36-59-21-2-0
0-17-40-12-58-7-26-0
0-27-13-57-37-5-29-0
0-6-1-41-56-23-24-16-0
Cost: 473
0-4-48-36-59-21-2-0
0-29-5-37-57-13-27-0
0-9-25-50-32-44-51-0
0-26-7-58-12-40-17-0
0-53-19-54-8-46-34-0
0-6-1-41-56-23-24-16-0
Cost: 473
0-4-47-36-59-21-2-0
0-17-40-12-58-7-26-0
0-9-25-50-32-44-51-0
0-29-5-37-57-13-27-0
0-6-1-41-56-23-24-16-0
0-53-19-54-8-46-34-0
Cost: 473
0-29-5-37-57-13-27-0
0-2-21-59-36-48-4-0
0-9-25-50-32-44-51-0
0-34-46-8-54-19-53-0
0-26-7-58-12-40-17-0
0-6-1-41-56-23-24-16-0
Cost: 473
0-26-7-58-12-40-17-0
0-29-5-37-57-13-27-0
0-16-24-23-56-41-1-6-0
0-51-44-32-50-25-9-0
0-2-21-59-36-48-4-0
0-53-19-54-8-46-34-0
Cost: 0
Cost: 481
0-52-27-13-54-8-34-0
0-7-35-53-10-58-12-0
0-4-45-57-15-48-2-0
0-21-59-20-37-5-29-0
0-26-40-25-32-44-17-0
0-6-1-41-56-23-49-24-0
Cost: 473
0-9-25-50-32-44-51-0
0-53-19-54-8-46-34-0
0-26-7-58-12-40-17-0
0-4-47-36-59-21-2-0
0-27-13-57-37-5-29-0
0-6-1-41-56-23-24-16-0
Cost: 473
0-34-46-8-54-19-53-0
0-17-40-12-58-7-26-0
0-51-44-32-50-25-9-0
0-6-1-41-56-23-24-16-0
0-4-48-36-59-21-2-0
0-29-5-37-57-13-27-0
