Cost: 371
0-30-48-47-36-37-5-45-0
0-58-38-65-66-53-35-7-0
0-68-2-62-22-43-33-6-0
0-4-27-52-34-46-67-0
0-17-26-0
0-51-44-32-50-25-39-40-0
Cost: 371
0-58-38-65-66-53-35-7-0
0-40-39-32-44-51-6-68-0
0-33-63-23-43-22-62-2-0
0-17-26-0
0-4-27-52-34-46-67-0
0-30-48-47-36-37-5-45-0
Cost: 371
0-45-29-5-37-36-47-48-0
0-67-34-46-52-27-4-0
0-7-35-53-66-65-38-58-0
0-26-17-0
0-6-33-43-22-62-2-68-0
0-51-44-32-50-25-39-40-0
Cost: 371
0-68-2-62-22-43-33-6-0
0-51-44-32-50-25-39-40-0
0-48-47-36-37-5-29-45-0
0-17-26-0
0-4-27-52-34-46-67-0
0-7-35-53-66-65-38-58-0
Cost: 371
0-4-27-52-46-34-67-0
0-48-47-36-37-5-29-45-0
0-26-17-0
0-58-38-65-66-53-35-7-0
0-40-39-25-50-32-44-51-0
0-6-33-43-22-62-2-68-0
Cost: 371
0-40-39-25-50-32-44-51-0
0-6-33-43-22-62-2-68-0
0-7-35-53-66-65-38-58-0
0-48-47-36-37-5-29-45-0
0-17-26-0
0-4-27-52-34-46-67-0
Cost: 371
0-7-35-53-66-65-38-58-0
0-68-2-62-22-43-33-6-0
0-4-27-52-46-34-67-0
0-30-48-47-36-37-5-45-0
0-17-26-0
0-40-39-25-50-32-44-51-0
Cost: 371
0-58-38-65-66-53-35-7-0
0-67-46-34-52-27-4-0
0-6-33-43-22-62-2-68-0
0-45-5-37-36-47-48-30-0
0-17-26-0
0-40-39-25-50-32-44-51-0
Cost: 371
0-48-47-36-37-5-29-45-0
0-17-26-0
0-40-39-25-50-32-44-51-0
0-7-35-53-66-65-38-58-0
0-6-33-43-22-62-2-68-0
0-4-27-52-34-46-67-0
Cost: 371
0-4-27-52-34-46-67-0
0-40-44-32-39-12-26-0
0-2-62-22-43-23-63-33-0
0-7-35-53-66-65-38-58-0
0-30-48-47-36-37-5-45-0
0-51-6-68-0
Cost: 371
0-4-27-52-46-34-67-0
0-58-38-65-66-53-35-7-0
0-26-17-0
0-45-29-5-37-36-47-48-0
0-40-39-25-50-32-44-51-0
0-68-2-62-22-43-33-6-0
Cost: 371
0-4-27-52-34-46-67-0
0-58-38-65-66-53-35-7-0
0-68-2-62-22-43-33-6-0
0-40-39-25-50-32-44-51-0
0-17-26-0
0-45-29-5-37-36-47-48-0
Cost: 371
0-30-48-47-36-37-5-45-0
0-51-44-32-50-25-39-40-0
0-6-33-43-22-62-2-68-0
0-4-27-52-46-34-67-0
0-26-17-0
0-58-38-65-66-53-35-7-0
Cost: 371
0-4-27-52-34-46-67-0
0-58-38-65-66-53-35-7-0
0-68-2-62-22-43-33-6-0
0-40-39-25-50-32-44-51-0
0-17-26-0
0-45-29-5-37-36-47-48-0
Cost: 371
0-4-27-52-34-46-67-0
0-58-38-65-66-53-35-7-0
0-68-2-62-22-43-33-6-0
0-40-39-25-50-32-44-51-0
0-17-26-0
0-45-29-5-37-36-47-48-0
Cost: 371
0-68-2-62-22-43-33-6-0
0-4-27-52-34-46-67-0
0-45-29-5-37-36-47-48-0
0-26-17-0
0-51-44-32-50-25-39-40-0
0-7-35-53-66-65-38-58-0
Cost: 371
0-40-44-32-39-12-26-0
0-2-62-22-43-23-63-33-0
0-58-38-65-66-53-35-7-0
0-67-46-34-52-27-4-0
0-51-6-68-0
0-48-47-36-37-5-29-45-0
Cost: 371
0-4-27-52-46-34-67-0
0-26-17-0
0-45-29-5-37-36-47-48-0
0-7-35-53-66-65-38-58-0
0-40-39-25-50-32-44-51-0
0-6-33-43-22-62-2-68-0
Cost: 371
0-4-27-52-46-34-67-0
0-26-17-0
0-45-29-5-37-36-47-48-0
0-7-35-53-66-65-38-58-0
0-40-39-25-50-32-44-51-0
0-6-33-43-22-62-2-68-0
Cost: 371
0-40-39-25-50-32-44-51-0
0-67-34-46-52-27-4-0
0-26-17-0
0-7-35-53-66-65-38-58-0
0-6-33-43-22-62-2-68-0
0-30-48-47-36-37-5-45-0
Cost: 371
0-40-39-25-50-32-44-51-0
0-67-34-46-52-27-4-0
0-26-17-0
0-7-35-53-66-65-38-58-0
0-6-33-43-22-62-2-68-0
0-30-48-47-36-37-5-45-0
Cost: 371
0-4-27-52-34-46-67-0
0-17-26-0
0-62-22-43-23-63-33-6-0
0-40-39-32-44-3-51-68-0
0-45-29-5-37-36-47-48-0
0-58-38-65-66-53-35-7-0
Cost: 371
0-40-39-25-50-32-44-51-0
0-67-34-46-52-27-4-0
0-26-17-0
0-7-35-53-66-65-38-58-0
0-6-33-43-22-62-2-68-0
0-30-48-47-36-37-5-45-0
Cost: 371
0-40-44-32-39-12-26-0
0-2-62-22-43-23-63-33-0
0-58-38-65-66-53-35-7-0
0-67-46-34-52-27-4-0
0-51-6-68-0
0-48-47-36-37-5-29-45-0
Cost: 371
0-4-27-52-46-34-67-0
0-26-17-0
0-45-29-5-37-36-47-48-0
0-7-35-53-66-65-38-58-0
0-40-39-25-50-32-44-51-0
0-6-33-43-22-62-2-68-0
Cost: 371
0-68-2-62-22-43-33-6-0
0-17-26-0
0-67-34-46-52-27-4-0
0-40-39-25-50-32-44-51-0
0-58-38-65-66-53-35-7-0
0-30-48-47-36-37-5-45-0
Cost: 371
0-51-44-32-50-25-39-40-0
0-17-26-0
0-45-5-37-36-47-48-30-0
0-67-46-34-52-27-4-0
0-68-2-62-22-43-33-6-0
0-58-38-65-66-53-35-7-0
Cost: 371
0-17-26-0
0-6-33-43-22-62-2-68-0
0-58-38-65-66-53-35-7-0
0-67-34-46-52-27-4-0
0-45-5-37-36-47-48-30-0
0-40-39-25-50-32-44-51-0
Cost: 371
0-51-44-32-50-25-39-40-0
0-7-35-53-66-65-38-58-0
0-45-29-5-37-36-47-48-0
0-17-26-0
0-6-33-43-22-62-2-68-0
0-4-27-52-34-46-67-0
Cost: 371
0-48-47-36-37-5-29-45-0
0-68-2-62-22-43-33-6-0
0-17-26-0
0-58-38-65-66-53-35-7-0
0-40-39-25-50-32-44-51-0
0-4-27-52-46-34-67-0
