Cost: 392
0-46-52-54-19-53-35-7-0
0-17-40-12-58-26-0
0-45-29-48-30-2-0
0-28-22-42-41-1-6-0
0-9-55-18-24-3-51-0
0-4-34-0
Cost: 391
0-6-51-3-44-40-17-0
0-2-28-22-1-41-23-0
0-34-52-54-19-53-7-0
0-4-0
0-12-9-55-39-58-26-0
0-45-29-48-47-21-30-0
Cost: 392
0-46-52-54-19-53-35-7-0
0-17-40-12-58-26-0
0-45-29-48-30-2-0
0-28-22-42-41-1-6-0
0-9-55-18-24-3-51-0
0-4-34-0
Cost: 392
0-46-52-54-19-53-35-7-0
0-17-40-12-58-26-0
0-45-29-48-30-2-0
0-28-22-42-41-1-6-0
0-9-55-18-24-3-51-0
0-4-34-0
Cost: 392
0-46-52-54-19-53-35-7-0
0-17-40-12-58-26-0
0-45-29-48-30-2-0
0-28-22-42-41-1-6-0
0-9-55-18-24-3-51-0
0-4-34-0
Cost: 391
0-12-9-25-55-39-58-0
0-2-28-22-1-41-23-0
0-45-29-48-47-21-30-0
0-4-0
0-34-52-54-19-53-7-0
0-6-51-3-44-40-17-0
Cost: 391
0-4-0
0-23-41-1-22-28-2-0
0-45-29-48-47-21-30-0
0-26-58-39-55-9-12-0
0-7-53-19-54-52-34-0
0-6-51-3-44-40-17-0
Cost: 391
0-4-0
0-12-9-55-39-58-26-0
0-45-29-48-47-21-30-0
0-17-40-44-3-51-6-0
0-23-41-1-22-28-2-0
0-34-52-54-19-53-7-0
Cost: 391
0-23-41-1-22-28-2-0
0-12-9-55-39-58-26-0
0-45-29-48-47-21-30-0
0-7-53-19-54-52-34-0
0-6-51-3-44-40-17-0
0-4-0
Cost: 391
0-45-29-48-47-21-30-0
0-7-53-19-54-52-34-0
0-6-51-3-44-40-17-0
0-2-28-22-1-41-23-0
0-4-0
0-26-58-39-55-9-12-0
Cost: 391
0-23-41-1-22-28-2-0
0-26-58-39-55-9-12-0
0-34-52-54-19-53-7-0
0-4-0
0-30-21-47-48-29-45-0
0-6-51-3-44-40-17-0
Cost: 391
0-17-40-44-3-51-6-0
0-4-0
0-26-58-39-55-9-12-0
0-34-52-54-19-53-7-0
0-30-21-47-48-29-45-0
0-2-28-22-1-41-23-0
Cost: 391
0-12-9-55-39-58-26-0
0-7-53-19-54-52-34-0
0-4-0
0-17-40-44-3-51-6-0
0-2-28-22-1-41-23-0
0-30-21-47-48-29-45-0
Cost: 392
0-26-58-12-40-17-0
0-34-4-0
0-45-29-48-30-2-0
0-51-3-24-18-55-9-0
0-6-1-41-42-22-28-0
0-46-52-54-19-35-53-7-0
Cost: 391
0-45-29-48-47-21-30-0
0-23-41-1-22-28-2-0
0-4-0
0-7-53-19-54-52-34-0
0-6-51-3-44-40-17-0
0-58-39-55-25-9-12-0
Cost: 391
0-45-29-48-47-21-30-0
0-23-41-1-22-28-2-0
0-4-0
0-7-53-19-54-52-34-0
0-6-51-3-44-40-17-0
0-58-39-55-25-9-12-0
Cost: 391
0-30-21-47-48-29-45-0
0-4-0
0-12-9-55-39-58-26-0
0-34-52-54-19-53-7-0
0-6-51-3-44-40-17-0
0-2-28-22-1-41-23-0
Cost: 391
0-58-39-55-25-9-12-0
0-30-21-47-48-29-45-0
0-4-0
0-34-52-54-19-53-7-0
0-2-28-22-1-41-23-0
0-17-40-44-3-51-6-0
Cost: 391
0-6-51-3-44-40-17-0
0-12-9-25-55-39-58-0
0-7-53-19-54-52-34-0
0-2-28-22-1-41-23-0
0-45-29-48-47-21-30-0
0-4-0
Cost: 391
0-6-51-3-44-40-17-0
0-12-9-25-55-39-58-0
0-7-53-19-54-52-34-0
0-2-28-22-1-41-23-0
0-45-29-48-47-21-30-0
0-4-0
Cost: 391
0-34-52-54-19-53-7-0
0-12-9-55-39-58-26-0
0-17-40-44-3-51-6-0
0-2-28-22-1-41-23-0
0-30-21-47-48-29-45-0
0-4-0
Cost: 391
0-2-28-22-1-41-23-0
0-30-21-47-48-29-45-0
0-26-58-39-55-9-12-0
0-17-40-44-3-51-6-0
0-34-52-54-19-53-7-0
0-4-0
Cost: 391
0-26-58-39-55-9-12-0
0-23-41-1-22-28-2-0
0-7-53-19-54-52-34-0
0-4-0
0-17-40-44-3-51-6-0
0-45-29-48-47-21-30-0
Cost: 391
0-2-28-22-1-41-23-0
0-30-21-47-48-29-45-0
0-26-58-39-55-9-12-0
0-17-40-44-3-51-6-0
0-34-52-54-19-53-7-0
0-4-0
Cost: 391
0-58-39-55-25-9-12-0
0-30-21-47-48-29-45-0
0-4-0
0-34-52-54-19-53-7-0
0-2-28-22-1-41-23-0
0-17-40-44-3-51-6-0
Cost: 391
0-26-58-39-55-9-12-0
0-4-0
0-17-40-44-3-51-6-0
0-34-52-54-19-53-7-0
0-45-29-48-47-21-30-0
0-2-28-22-1-41-23-0
Cost: 391
0-34-52-54-19-53-7-0
0-12-9-55-39-58-26-0
0-45-29-48-47-21-30-0
0-4-0
0-6-51-3-44-40-17-0
0-2-28-22-1-41-23-0
Cost: 392
0-51-6-0
0-26-53-38-10-58-12-0
0-40-55-18-44-3-17-0
0-2-28-22-1-41-23-0
0-34-52-54-19-8-46-0
0-30-48-29-45-4-0
Cost: 391
0-2-28-22-1-41-23-0
0-17-40-44-3-51-6-0
0-4-0
0-45-29-48-47-21-30-0
0-12-9-55-39-58-26-0
0-7-53-19-54-52-34-0
Cost: 391
0-6-51-3-44-40-17-0
0-23-56-41-1-22-28-0
0-4-45-29-30-2-0
0-34-0
0-46-52-54-19-53-35-7-0
0-12-9-25-55-18-50-0
Cost: 391
0-34-52-54-19-53-7-0
0-6-51-3-44-40-17-0
0-2-28-22-1-41-23-0
0-26-58-39-55-9-12-0
0-4-0
0-45-29-48-47-21-30-0
