Cost: 470
0-45-5-37-36-47-48-30-0
0-68-2-62-42-43-1-33-0
0-51-3-44-24-49-16-6-0
0-52-19-53-11-65-38-58-0
0-34-46-8-35-7-67-0
0-26-12-39-9-40-17-0
0-27-13-57-15-29-4-0
Cost: 470
0-67-34-46-8-35-7-0
0-4-29-15-57-13-27-0
0-30-48-47-36-37-5-45-0
0-52-19-53-11-65-38-58-0
0-33-1-43-42-62-2-68-0
0-6-16-49-24-44-3-51-0
0-17-40-9-39-12-26-0
Cost: 470
0-45-5-37-36-47-48-30-0
0-68-2-62-42-43-1-33-0
0-51-3-44-24-49-16-6-0
0-52-19-53-11-65-38-58-0
0-34-46-8-35-7-67-0
0-26-12-39-9-40-17-0
0-27-13-57-15-29-4-0
Cost: 470
0-6-16-49-24-44-3-51-0
0-52-19-53-11-65-38-58-0
0-17-40-9-39-12-26-0
0-30-48-47-36-37-5-45-0
0-33-1-43-42-62-2-68-0
0-27-13-57-15-29-4-0
0-34-46-8-35-7-67-0
Cost: 470
0-68-2-62-42-43-1-33-0
0-51-3-44-24-49-16-6-0
0-45-5-37-36-47-48-30-0
0-4-29-15-57-13-27-0
0-52-19-53-11-65-38-58-0
0-67-34-46-8-35-7-0
0-17-40-9-39-12-26-0
Cost: 470
0-67-34-46-8-35-7-0
0-45-5-37-36-47-48-30-0
0-68-2-62-42-43-1-33-0
0-6-16-49-24-44-3-51-0
0-26-12-39-9-40-17-0
0-58-38-65-11-53-19-52-0
0-27-13-57-15-29-4-0
Cost: 470
0-67-34-46-8-35-7-0
0-45-5-37-36-47-48-30-0
0-68-2-62-42-43-1-33-0
0-6-16-49-24-44-3-51-0
0-26-12-39-9-40-17-0
0-58-38-65-11-53-19-52-0
0-27-13-57-15-29-4-0
Cost: 470
0-67-34-46-8-35-7-0
0-45-5-37-36-47-48-30-0
0-68-2-62-42-43-1-33-0
0-6-16-49-24-44-3-51-0
0-26-12-39-9-40-17-0
0-58-38-65-11-53-19-52-0
0-27-13-57-15-29-4-0
Cost: 470
0-52-19-53-11-65-38-58-0
0-30-48-47-36-37-5-45-0
0-33-1-43-42-62-2-68-0
0-27-13-57-15-29-4-0
0-51-3-44-24-49-16-6-0
0-67-34-46-8-35-7-0
0-26-12-39-9-40-17-0
Cost: 470
0-52-19-53-11-65-38-58-0
0-30-48-47-36-37-5-45-0
0-33-1-43-42-62-2-68-0
0-27-13-57-15-29-4-0
0-51-3-44-24-49-16-6-0
0-67-34-46-8-35-7-0
0-26-12-39-9-40-17-0
Cost: 470
0-52-19-53-11-65-38-58-0
0-45-5-37-36-47-48-30-0
0-7-35-8-46-34-67-0
0-27-13-57-15-29-4-0
0-51-3-44-24-49-16-6-0
0-33-1-43-42-62-2-68-0
0-17-40-9-39-12-26-0
Cost: 470
0-52-19-53-11-65-38-58-0
0-45-5-37-36-47-48-30-0
0-7-35-8-46-34-67-0
0-27-13-57-15-29-4-0
0-51-3-44-24-49-16-6-0
0-33-1-43-42-62-2-68-0
0-17-40-9-39-12-26-0
Cost: 470
0-17-40-9-39-12-26-0
0-51-3-44-24-49-16-6-0
0-68-2-62-42-43-1-33-0
0-58-38-65-11-53-19-52-0
0-4-29-15-57-13-27-0
0-34-46-8-35-7-67-0
0-30-48-47-36-37-5-45-0
Cost: 470
0-52-19-53-11-65-38-58-0
0-30-48-47-36-37-5-45-0
0-33-1-43-42-62-2-68-0
0-27-13-57-15-29-4-0
0-51-3-44-24-49-16-6-0
0-67-34-46-8-35-7-0
0-26-12-39-9-40-17-0
Cost: 470
0-52-19-53-11-65-38-58-0
0-30-48-47-36-37-5-45-0
0-33-1-43-42-62-2-68-0
0-27-13-57-15-29-4-0
0-51-3-44-24-49-16-6-0
0-67-34-46-8-35-7-0
0-26-12-39-9-40-17-0
Cost: 470
0-51-3-44-24-49-16-6-0
0-27-13-57-15-29-4-0
0-58-38-65-11-53-19-52-0
0-30-48-47-36-37-5-45-0
0-67-7-35-8-46-34-0
0-17-40-9-39-12-26-0
0-68-2-62-42-43-1-33-0
Cost: 470
0-30-48-47-36-37-5-45-0
0-4-29-15-57-13-27-0
0-52-19-53-11-65-38-58-0
0-7-35-8-46-34-67-0
0-51-3-44-24-49-16-6-0
0-17-40-9-39-12-26-0
0-33-1-43-42-62-2-68-0
Cost: 470
0-26-12-39-9-40-17-0
0-58-38-65-11-53-19-52-0
0-27-13-57-15-29-4-0
0-68-2-62-42-43-1-33-0
0-6-16-49-24-44-3-51-0
0-30-48-47-36-37-5-45-0
0-67-7-35-8-46-34-0
Cost: 470
0-7-35-8-46-34-67-0
0-27-13-57-15-29-4-0
0-17-40-9-39-12-26-0
0-45-5-37-36-47-48-30-0
0-58-38-65-11-53-19-52-0
0-68-2-62-42-43-1-33-0
0-6-16-49-24-44-3-51-0
Cost: 470
0-4-29-15-57-13-27-0
0-45-5-37-36-47-48-30-0
0-67-34-46-8-35-7-0
0-58-38-65-11-53-19-52-0
0-17-40-9-39-12-26-0
0-51-3-44-24-49-16-6-0
0-33-1-43-42-62-2-68-0
Cost: 470
0-4-29-15-57-13-27-0
0-45-5-37-36-47-48-30-0
0-67-34-46-8-35-7-0
0-58-38-65-11-53-19-52-0
0-17-40-9-39-12-26-0
0-51-3-44-24-49-16-6-0
0-33-1-43-42-62-2-68-0
Cost: 470
0-33-1-43-42-62-2-68-0
0-67-7-35-8-46-34-0
0-51-3-44-24-49-16-6-0
0-30-48-47-36-37-5-45-0
0-4-29-15-57-13-27-0
0-52-19-53-11-65-38-58-0
0-26-12-39-9-40-17-0
Cost: 470
0-4-29-15-57-13-27-0
0-45-5-37-36-47-48-30-0
0-67-34-46-8-35-7-0
0-58-38-65-11-53-19-52-0
0-17-40-9-39-12-26-0
0-51-3-44-24-49-16-6-0
0-33-1-43-42-62-2-68-0
Cost: 470
0-30-48-47-36-37-5-45-0
0-4-29-15-57-13-27-0
0-52-19-53-11-65-38-58-0
0-7-35-8-46-34-67-0
0-51-3-44-24-49-16-6-0
0-17-40-9-39-12-26-0
0-33-1-43-42-62-2-68-0
Cost: 470
0-67-34-46-8-35-7-0
0-30-48-47-36-37-5-45-0
0-26-12-39-9-40-17-0
0-58-38-65-11-53-19-52-0
0-27-13-57-15-29-4-0
0-6-16-49-24-44-3-51-0
0-68-2-62-42-43-1-33-0
Cost: 470
0-67-7-35-8-46-34-0
0-30-48-47-36-37-5-45-0
0-17-40-9-39-12-26-0
0-6-16-49-24-44-3-51-0
0-52-19-53-11-65-38-58-0
0-27-13-57-15-29-4-0
0-33-1-43-42-62-2-68-0
Cost: 471
0-26-7-8-46-34-67-0
0-45-5-37-36-47-48-30-0
0-6-16-49-24-44-3-51-0
0-35-19-53-11-65-38-58-0
0-12-39-9-32-40-17-0
0-52-13-57-15-29-4-0
0-68-2-62-42-43-1-33-0
Cost: 476
0-68-2-62-42-43-1-33-0
0-30-48-47-36-37-5-45-0
0-51-3-44-24-49-16-6-0
0-19-53-11-65-38-58-67-0
0-12-39-9-32-40-17-0
0-52-13-57-15-29-4-0
0-34-46-8-35-7-26-0
Cost: 470
0-4-29-15-57-13-27-0
0-33-1-43-42-62-2-68-0
0-26-12-39-9-40-17-0
0-45-5-37-36-47-48-30-0
0-34-46-8-35-7-67-0
0-6-16-49-24-44-3-51-0
0-52-19-53-11-65-38-58-0
Cost: 470
0-52-19-53-11-65-38-58-0
0-67-7-35-8-46-34-0
0-17-40-9-39-12-26-0
0-30-48-47-36-37-5-45-0
0-68-2-62-42-43-1-33-0
0-6-16-49-24-44-3-51-0
0-4-29-15-57-13-27-0
