Cost: 467
0-6-2-30-4-0
0-12-39-31-10-0
0-48-47-36-21-28-0
0-24-49-23-41-43-33-0
0-45-29-15-13-27-0
0-40-9-32-17-0
0-26-7-14-35-46-0
Cost: 467
0-10-31-39-12-0
0-40-9-32-17-0
0-4-30-2-6-0
0-33-43-41-23-49-24-0
0-46-35-14-7-26-0
0-45-29-15-13-27-0
0-48-47-36-21-28-0
Cost: 468
0-26-7-35-14-19-0
0-40-9-32-17-0
0-10-31-39-12-0
0-48-37-15-29-45-0
0-30-28-2-6-0
0-43-41-23-49-24-44-0
0-4-27-13-46-34-0
Cost: 467
0-17-32-9-40-0
0-46-35-14-7-26-0
0-12-39-31-10-0
0-4-30-2-6-0
0-48-47-36-21-28-0
0-45-29-15-13-27-0
0-24-49-23-41-43-33-0
Cost: 467
0-28-21-36-47-48-0
0-46-35-14-7-26-0
0-17-32-9-40-0
0-4-30-2-6-0
0-10-31-39-12-0
0-33-43-41-23-49-24-0
0-45-29-15-13-27-0
Cost: 467
0-33-43-41-23-49-24-0
0-28-21-36-47-48-0
0-17-32-9-40-0
0-4-30-2-6-0
0-46-35-14-7-26-0
0-27-13-15-29-45-0
0-12-39-31-10-0
Cost: 467
0-10-31-39-12-0
0-17-32-9-40-0
0-48-47-36-21-28-0
0-4-30-2-6-0
0-24-49-23-41-43-33-0
0-45-29-15-13-27-0
0-46-35-14-7-26-0
Cost: 467
0-10-31-39-12-0
0-17-32-9-40-0
0-48-47-36-21-28-0
0-4-30-2-6-0
0-24-49-23-41-43-33-0
0-45-29-15-13-27-0
0-46-35-14-7-26-0
Cost: 467
0-10-31-39-12-0
0-17-32-9-40-0
0-48-47-36-21-28-0
0-4-30-2-6-0
0-24-49-23-41-43-33-0
0-45-29-15-13-27-0
0-46-35-14-7-26-0
Cost: 467
0-46-35-14-7-26-0
0-24-49-23-41-43-33-0
0-28-21-36-47-48-0
0-17-32-9-40-0
0-10-31-39-12-0
0-27-13-15-29-45-0
0-4-30-2-6-0
Cost: 468
0-12-39-31-10-0
0-34-13-27-45-4-0
0-29-15-37-47-48-0
0-44-32-9-40-0
0-26-23-43-42-22-28-0
0-17-6-2-30-0
0-46-8-19-14-35-0
Cost: 467
0-28-21-36-47-48-0
0-27-13-15-29-45-0
0-6-2-30-4-0
0-24-49-23-41-43-33-0
0-26-7-14-35-46-0
0-40-9-32-17-0
0-12-39-31-10-0
Cost: 467
0-46-35-14-7-26-0
0-45-29-15-13-27-0
0-6-2-30-4-0
0-48-47-36-21-28-0
0-24-49-23-41-43-33-0
0-12-39-31-10-0
0-40-9-32-17-0
Cost: 468
0-10-31-39-12-0
0-40-9-32-17-0
0-48-37-15-29-45-0
0-4-27-13-46-34-0
0-6-2-28-30-0
0-43-41-23-49-24-44-0
0-19-14-35-7-26-0
Cost: 467
0-46-35-14-7-26-0
0-48-47-36-21-28-0
0-6-2-30-4-0
0-33-43-41-23-49-24-0
0-10-31-39-12-0
0-45-29-15-13-27-0
0-17-32-9-40-0
Cost: 467
0-46-35-14-7-26-0
0-48-47-36-21-28-0
0-6-2-30-4-0
0-33-43-41-23-49-24-0
0-10-31-39-12-0
0-45-29-15-13-27-0
0-17-32-9-40-0
Cost: 467
0-17-32-9-40-0
0-48-47-36-21-28-0
0-12-39-31-10-0
0-33-43-41-23-49-24-0
0-26-7-14-35-46-0
0-27-13-15-29-45-0
0-6-2-30-4-0
Cost: 468
0-12-39-31-10-0
0-17-32-9-40-0
0-30-28-2-6-0
0-48-37-15-29-45-0
0-19-14-35-7-26-0
0-34-46-13-27-4-0
0-43-41-23-49-24-44-0
Cost: 467
0-46-35-14-7-26-0
0-10-31-39-12-0
0-24-49-23-41-43-33-0
0-28-21-36-47-48-0
0-6-2-30-4-0
0-27-13-15-29-45-0
0-17-32-9-40-0
Cost: 467
0-33-43-41-23-49-24-0
0-46-35-14-7-26-0
0-40-9-32-17-0
0-27-13-15-29-45-0
0-10-31-39-12-0
0-6-2-30-4-0
0-28-21-36-47-48-0
Cost: 467
0-45-29-15-13-27-0
0-4-30-2-6-0
0-26-7-14-35-46-0
0-33-43-41-23-49-24-0
0-48-47-36-21-28-0
0-40-9-32-17-0
0-10-31-39-12-0
Cost: 467
0-28-21-36-47-48-0
0-46-35-14-7-26-0
0-45-29-15-13-27-0
0-6-2-30-4-0
0-24-49-23-41-43-33-0
0-40-9-32-17-0
0-12-39-31-10-0
Cost: 468
0-44-24-49-23-41-43-0
0-12-39-31-10-0
0-30-28-2-6-0
0-4-27-13-46-34-0
0-45-29-15-37-48-0
0-19-14-35-7-26-0
0-40-9-32-17-0
Cost: 467
0-28-21-36-47-48-0
0-46-35-14-7-26-0
0-45-29-15-13-27-0
0-6-2-30-4-0
0-24-49-23-41-43-33-0
0-40-9-32-17-0
0-12-39-31-10-0
Cost: 468
0-12-39-31-10-0
0-17-32-9-40-0
0-30-28-2-6-0
0-48-37-15-29-45-0
0-19-14-35-7-26-0
0-34-46-13-27-4-0
0-43-41-23-49-24-44-0
Cost: 468
0-12-39-31-10-0
0-35-14-19-8-46-0
0-34-13-27-45-4-0
0-17-6-2-30-0
0-48-47-37-15-29-0
0-40-9-32-44-0
0-26-23-43-42-22-28-0
Cost: 468
0-45-29-15-37-48-0
0-17-32-9-40-0
0-12-39-31-10-0
0-6-2-28-30-0
0-19-14-35-7-26-0
0-34-46-13-27-4-0
0-44-24-49-23-41-43-0
Cost: 470
0-17-32-9-40-0
0-49-24-23-41-43-33-0
0-28-21-36-47-48-0
0-12-10-31-39-0
0-26-7-14-35-46-0
0-4-30-2-6-0
0-27-13-15-29-45-0
Cost: 472
0-39-31-10-12-0
0-30-28-2-6-0
0-32-9-40-17-0
0-48-37-15-29-45-0
0-19-14-35-7-26-0
0-46-34-13-27-4-0
0-44-49-23-43-42-22-0
Cost: 467
0-48-47-36-21-28-0
0-33-43-41-23-49-24-0
0-10-31-39-12-0
0-40-9-32-17-0
0-46-35-14-7-26-0
0-45-29-15-13-27-0
0-6-2-30-4-0
Cost: 467
0-26-7-14-35-46-0
0-48-47-36-21-28-0
0-33-43-41-23-49-24-0
0-40-9-32-17-0
0-4-30-2-6-0
0-27-13-15-29-45-0
0-10-31-39-12-0
