Cost: 442
0-35-19-14-11-38-10-39-12-0
0-6-2-30-4-34-46-8-7-0
0-33-1-28-22-42-41-43-23-16-0
0-26-17-40-32-25-50-44-3-51-0
0-52-27-15-37-36-47-5-29-45-0
Cost: 442
0-26-40-32-25-50-44-3-51-17-0
0-6-2-30-4-34-46-8-7-0
0-12-39-10-38-11-14-19-35-0
0-16-23-43-41-42-22-28-1-33-0
0-52-27-15-37-36-47-5-29-45-0
Cost: 443
0-6-2-30-4-34-46-8-7-0
0-35-19-14-11-38-10-39-12-0
0-26-40-32-25-50-44-3-51-17-0
0-52-27-15-37-36-47-5-29-45-0
0-33-16-23-41-42-43-1-22-28-0
Cost: 443
0-6-2-30-4-34-46-8-7-0
0-45-29-5-47-36-37-15-27-52-0
0-21-28-22-42-41-43-23-1-33-0
0-51-16-49-24-3-44-32-40-26-0
0-17-12-9-39-10-38-11-35-0
Cost: 442
0-7-8-46-34-4-30-2-6-0
0-12-39-10-38-11-14-19-35-0
0-45-29-5-47-36-37-15-27-52-0
0-51-3-44-50-25-32-40-17-26-0
0-16-23-43-41-42-22-28-1-33-0
Cost: 443
0-35-19-14-11-38-10-39-12-0
0-52-27-15-37-36-47-5-29-45-0
0-33-16-23-41-42-43-1-22-28-0
0-7-8-46-34-4-30-2-6-0
0-26-40-32-25-50-44-3-51-17-0
Cost: 442
0-45-29-5-47-36-37-15-27-52-0
0-16-23-43-41-42-22-28-1-33-0
0-6-2-30-4-34-46-8-7-0
0-26-17-40-32-25-50-44-3-51-0
0-35-19-14-11-38-10-39-12-0
Cost: 442
0-16-23-43-41-42-22-28-1-33-0
0-7-8-46-34-4-30-2-6-0
0-35-19-14-11-38-10-39-12-0
0-45-29-5-47-36-37-15-27-52-0
0-17-51-3-44-50-25-32-40-26-0
Cost: 442
0-35-19-14-11-38-10-39-12-0
0-51-3-44-50-25-32-40-17-26-0
0-6-2-30-4-34-46-8-7-0
0-45-29-5-47-36-37-15-27-52-0
0-33-1-28-22-42-41-43-23-16-0
Cost: 442
0-12-39-10-38-11-14-19-35-0
0-6-2-30-4-34-46-8-7-0
0-45-29-5-47-36-37-15-27-52-0
0-16-23-43-41-42-22-28-1-33-0
0-26-17-40-32-25-50-44-3-51-0
Cost: 442
0-45-29-5-47-36-37-15-27-52-0
0-33-1-28-22-42-41-43-23-16-0
0-12-39-10-38-11-14-19-35-0
0-26-17-40-32-25-50-44-3-51-0
0-6-2-30-4-34-46-8-7-0
Cost: 442
0-12-39-10-38-11-14-19-35-0
0-33-1-28-22-42-41-43-23-16-0
0-6-2-30-4-34-46-8-7-0
0-52-27-15-37-36-47-5-29-45-0
0-17-51-3-44-50-25-32-40-26-0
Cost: 442
0-33-1-28-22-42-41-43-23-16-0
0-45-29-5-47-36-37-15-27-52-0
0-7-8-46-34-4-30-2-6-0
0-51-3-44-50-25-32-40-17-26-0
0-12-39-10-38-11-14-19-35-0
Cost: 443
0-35-11-38-10-39-9-12-17-0
0-26-40-32-44-3-24-49-16-51-0
0-6-2-30-4-34-46-8-7-0
0-45-29-5-47-36-37-15-27-52-0
0-21-28-22-42-41-43-23-1-33-0
Cost: 442
0-33-1-28-22-42-41-43-23-16-0
0-12-39-10-38-11-14-19-35-0
0-6-2-30-4-34-46-8-7-0
0-51-3-44-50-25-32-40-17-26-0
0-45-29-5-47-36-37-15-27-52-0
Cost: 442
0-45-29-5-47-36-37-15-27-52-0
0-6-2-30-4-34-46-8-7-0
0-26-40-32-25-50-44-3-51-17-0
0-33-1-28-22-42-41-43-23-16-0
0-12-39-10-38-11-14-19-35-0
Cost: 442
0-52-27-15-37-36-47-5-29-45-0
0-7-8-46-34-4-30-2-6-0
0-16-23-43-41-42-22-28-1-33-0
0-26-17-40-32-25-50-44-3-51-0
0-12-39-10-38-11-14-19-35-0
Cost: 442
0-35-19-14-11-38-10-39-12-0
0-45-29-5-47-36-37-15-27-52-0
0-26-40-32-25-50-44-3-51-17-0
0-33-1-28-22-42-41-43-23-16-0
0-7-8-46-34-4-30-2-6-0
Cost: 442
0-6-2-30-4-34-46-8-7-0
0-52-27-15-37-36-47-5-29-45-0
0-12-39-10-38-11-14-19-35-0
0-17-51-3-44-50-25-32-40-26-0
0-16-23-43-41-42-22-28-1-33-0
Cost: 442
0-35-19-14-11-38-10-39-12-0
0-26-40-32-44-3-24-49-16-51-0
0-7-8-46-34-4-30-2-6-0
0-17-33-1-23-43-41-42-22-28-0
0-52-27-15-37-36-47-5-29-45-0
Cost: 442
0-52-27-15-37-36-47-5-29-45-0
0-26-17-40-32-25-50-44-3-51-0
0-16-23-43-41-42-22-28-1-33-0
0-12-39-10-38-11-14-19-35-0
0-6-2-30-4-34-46-8-7-0
Cost: 442
0-35-19-14-11-38-10-39-12-0
0-16-23-43-41-42-22-28-1-33-0
0-7-8-46-34-4-30-2-6-0
0-45-29-5-47-36-37-15-27-52-0
0-26-40-32-25-50-44-3-51-17-0
Cost: 442
0-12-39-10-38-11-14-19-35-0
0-16-23-43-41-42-22-28-1-33-0
0-51-3-44-50-25-32-40-17-26-0
0-45-29-5-47-36-37-15-27-52-0
0-7-8-46-34-4-30-2-6-0
Cost: 443
0-4-34-46-8-35-14-53-7-0
0-38-10-39-9-32-3-40-12-0
0-52-27-15-37-36-47-5-29-45-0
0-16-24-23-43-41-42-22-1-33-0
0-26-17-51-6-2-28-21-48-30-0
Cost: 442
0-45-29-5-47-36-37-15-27-52-0
0-7-8-46-34-4-30-2-6-0
0-26-40-32-25-50-44-3-51-17-0
0-16-23-43-41-42-22-28-1-33-0
0-12-39-10-38-11-14-19-35-0
Cost: 442
0-45-29-5-47-36-37-15-27-52-0
0-12-39-10-38-11-14-19-35-0
0-33-1-28-22-42-41-43-23-16-0
0-7-8-46-34-4-30-2-6-0
0-26-17-40-32-25-50-44-3-51-0
Cost: 0
Cost: 0
Cost: 0
Cost: 0
Cost: 0
