Cost: 257
0-19-8-46-34-0
0-29-48-21-30-0
0-40-32-44-51-0
0-35-53-58-26-0
0-52-27-45-4-0
Cost: 257
0-19-8-46-34-0
0-29-48-21-30-0
0-40-32-44-51-0
0-35-53-58-26-0
0-52-27-45-4-0
Cost: 257
0-19-8-46-34-0
0-29-48-21-30-0
0-40-32-44-51-0
0-35-53-58-26-0
0-52-27-45-4-0
Cost: 257
0-19-8-46-34-0
0-29-48-21-30-0
0-40-32-44-51-0
0-35-53-58-26-0
0-52-27-45-4-0
Cost: 257
0-19-8-46-34-0
0-29-48-21-30-0
0-40-32-44-51-0
0-35-53-58-26-0
0-52-27-45-4-0
Cost: 257
0-19-8-46-34-0
0-29-48-21-30-0
0-40-32-44-51-0
0-35-53-58-26-0
0-52-27-45-4-0
Cost: 257
0-19-8-46-34-0
0-29-48-21-30-0
0-40-32-44-51-0
0-35-53-58-26-0
0-52-27-45-4-0
Cost: 257
0-19-8-46-34-0
0-29-48-21-30-0
0-40-32-44-51-0
0-35-53-58-26-0
0-52-27-45-4-0
Cost: 257
0-19-8-46-34-0
0-29-48-21-30-0
0-40-32-44-51-0
0-35-53-58-26-0
0-52-27-45-4-0
Cost: 257
0-19-8-46-34-0
0-29-48-21-30-0
0-40-32-44-51-0
0-35-53-58-26-0
0-52-27-45-4-0
Cost: 257
0-19-8-46-34-0
0-29-48-21-30-0
0-40-32-44-51-0
0-35-53-58-26-0
0-52-27-45-4-0
Cost: 257
0-19-8-46-34-0
0-29-48-21-30-0
0-40-32-44-51-0
0-35-53-58-26-0
0-52-27-45-4-0
Cost: 257
0-19-8-46-34-0
0-29-48-21-30-0
0-40-32-44-51-0
0-35-53-58-26-0
0-52-27-45-4-0
Cost: 257
0-19-8-46-34-0
0-29-48-21-30-0
0-40-32-44-51-0
0-35-53-58-26-0
0-52-27-45-4-0
Cost: 257
0-19-8-46-34-0
0-29-48-21-30-0
0-40-32-44-51-0
0-35-53-58-26-0
0-52-27-45-4-0
Cost: 257
0-19-8-46-34-0
0-29-48-21-30-0
0-40-32-44-51-0
0-35-53-58-26-0
0-52-27-45-4-0
Cost: 257
0-19-8-46-34-0
0-29-48-21-30-0
0-40-32-44-51-0
0-35-53-58-26-0
0-52-27-45-4-0
Cost: 257
0-19-8-46-34-0
0-29-48-21-30-0
0-40-32-44-51-0
0-35-53-58-26-0
0-52-27-45-4-0
Cost: 257
0-19-8-46-34-0
0-29-48-21-30-0
0-40-32-44-51-0
0-35-53-58-26-0
0-52-27-45-4-0
Cost: 257
0-19-8-46-34-0
0-29-48-21-30-0
0-40-32-44-51-0
0-35-53-58-26-0
0-52-27-45-4-0
Cost: 257
0-19-8-46-34-0
0-29-48-21-30-0
0-40-32-44-51-0
0-35-53-58-26-0
0-52-27-45-4-0
Cost: 257
0-34-46-8-19-0
0-35-53-58-26-0
0-4-45-27-52-0
0-29-48-21-30-0
0-51-44-32-40-0
Cost: 257
0-19-8-46-34-0
0-29-48-21-30-0
0-40-32-44-51-0
0-35-53-58-26-0
0-52-27-45-4-0
Cost: 257
0-19-8-46-34-0
0-29-48-21-30-0
0-40-32-44-51-0
0-35-53-58-26-0
0-52-27-45-4-0
Cost: 257
0-19-8-46-34-0
0-29-48-21-30-0
0-40-32-44-51-0
0-35-53-58-26-0
0-52-27-45-4-0
Cost: 257
0-19-8-46-34-0
0-30-21-48-29-0
0-52-27-45-4-0
0-35-53-58-26-0
0-51-44-32-40-0
Cost: 0
Cost: 257
0-4-45-27-52-0
0-51-44-32-40-0
0-29-48-21-30-0
0-34-19-8-46-0
0-26-58-53-35-0
Cost: 257
0-51-44-32-40-0
0-34-19-8-46-0
0-26-58-53-35-0
0-4-45-27-52-0
0-30-21-48-29-0
Cost: 257
0-35-53-58-26-0
0-51-44-32-40-0
0-34-19-8-46-0
0-52-27-45-4-0
0-30-21-48-29-0
