Cost: 545
0-32-9-25-18-24-49-0
0-58-10-38-11-53-0
0-33-1-43-41-56-23-0
0-6-2-30-48-5-29-0
0-7-35-8-19-54-13-52-0
0-26-12-40-17-0
0-27-57-15-37-59-21-0
0-46-34-4-0
Cost: 545
0-29-5-48-30-2-6-0
0-49-24-18-25-9-32-0
0-7-35-8-19-54-13-52-0
0-58-10-38-11-53-0
0-23-56-41-43-1-33-0
0-17-40-12-26-0
0-21-59-37-15-57-27-0
0-46-34-4-0
Cost: 545
0-46-34-4-0
0-26-12-40-17-0
0-27-57-15-37-59-21-0
0-53-11-38-10-58-0
0-29-5-48-30-2-6-0
0-23-56-41-43-1-33-0
0-7-35-8-19-54-13-52-0
0-49-24-18-25-9-32-0
Cost: 545
0-6-2-30-48-5-29-0
0-49-24-18-25-9-32-0
0-58-10-38-11-53-0
0-26-12-40-17-0
0-23-56-41-43-1-33-0
0-27-57-15-37-59-21-0
0-7-35-8-19-54-13-52-0
0-46-34-4-0
Cost: 545
0-7-35-8-19-54-13-52-0
0-4-34-46-0
0-21-59-37-15-57-27-0
0-32-9-25-18-24-49-0
0-17-40-12-26-0
0-53-11-38-10-58-0
0-33-1-43-41-56-23-0
0-6-2-30-48-5-29-0
Cost: 545
0-52-13-54-19-8-35-7-0
0-58-10-38-11-53-0
0-32-9-25-18-24-49-0
0-27-57-15-37-59-21-0
0-6-2-30-48-5-29-0
0-26-12-40-17-0
0-33-1-43-41-56-23-0
0-46-34-4-0
Cost: 545
0-26-12-40-17-0
0-32-9-25-18-24-49-0
0-52-13-54-19-8-35-7-0
0-21-59-37-15-57-27-0
0-29-5-48-30-2-6-0
0-53-11-38-10-58-0
0-4-34-46-0
0-33-1-43-41-56-23-0
Cost: 545
0-26-12-40-17-0
0-53-11-38-10-58-0
0-29-5-48-30-2-6-0
0-46-34-4-0
0-21-59-37-15-57-27-0
0-33-1-43-41-56-23-0
0-52-13-54-19-8-35-7-0
0-49-24-18-25-9-32-0
Cost: 545
0-17-40-12-26-0
0-33-1-43-41-56-23-0
0-52-13-54-19-8-35-7-0
0-49-24-18-25-9-32-0
0-21-59-37-15-57-27-0
0-46-34-4-0
0-29-5-48-30-2-6-0
0-53-11-38-10-58-0
Cost: 545
0-26-12-40-17-0
0-6-2-30-48-5-29-0
0-27-57-15-37-59-21-0
0-33-1-43-41-56-23-0
0-46-34-4-0
0-32-9-25-18-24-49-0
0-53-11-38-10-58-0
0-52-13-54-19-8-35-7-0
Cost: 545
0-7-35-8-19-54-13-52-0
0-26-12-40-17-0
0-58-10-38-11-53-0
0-23-56-41-43-1-33-0
0-4-34-46-0
0-6-2-30-48-5-29-0
0-49-24-18-25-9-32-0
0-21-59-37-15-57-27-0
Cost: 545
0-29-5-48-30-2-6-0
0-52-13-54-19-8-35-7-0
0-58-10-38-11-53-0
0-49-24-18-25-9-32-0
0-17-40-12-26-0
0-33-1-43-41-56-23-0
0-21-59-37-15-57-27-0
0-46-34-4-0
Cost: 545
0-49-24-18-25-9-32-0
0-27-57-15-37-59-21-0
0-58-10-38-11-53-0
0-6-2-30-48-5-29-0
0-7-35-8-19-54-13-52-0
0-46-34-4-0
0-17-40-12-26-0
0-23-56-41-43-1-33-0
Cost: 545
0-49-24-18-25-9-32-0
0-52-13-54-19-8-35-7-0
0-26-12-40-17-0
0-4-34-46-0
0-6-2-30-48-5-29-0
0-33-1-43-41-56-23-0
0-27-57-15-37-59-21-0
0-53-11-38-10-58-0
Cost: 545
0-21-59-37-15-57-27-0
0-26-12-40-17-0
0-7-35-8-19-54-13-52-0
0-58-10-38-11-53-0
0-23-56-41-43-1-33-0
0-49-24-18-25-9-32-0
0-29-5-48-30-2-6-0
0-46-34-4-0
Cost: 545
0-6-2-30-48-5-29-0
0-27-57-15-37-59-21-0
0-58-10-38-11-53-0
0-46-34-4-0
0-33-1-43-41-56-23-0
0-17-40-12-26-0
0-32-9-25-18-24-49-0
0-7-35-8-19-54-13-52-0
Cost: 545
0-58-10-38-11-53-0
0-7-35-8-19-54-13-52-0
0-49-24-18-25-9-32-0
0-6-2-30-48-5-29-0
0-27-57-15-37-59-21-0
0-23-56-41-43-1-33-0
0-46-34-4-0
0-17-40-12-26-0
Cost: 545
0-58-10-38-11-53-0
0-23-56-41-43-1-33-0
0-17-40-12-26-0
0-49-24-18-25-9-32-0
0-46-34-4-0
0-21-59-37-15-57-27-0
0-52-13-54-19-8-35-7-0
0-29-5-48-30-2-6-0
Cost: 545
0-7-35-8-19-54-13-52-0
0-33-1-43-41-56-23-0
0-26-12-40-17-0
0-46-34-4-0
0-21-59-37-15-57-27-0
0-49-24-18-25-9-32-0
0-6-2-30-48-5-29-0
0-53-11-38-10-58-0
Cost: 545
0-7-35-8-19-54-13-52-0
0-33-1-43-41-56-23-0
0-26-12-40-17-0
0-46-34-4-0
0-21-59-37-15-57-27-0
0-49-24-18-25-9-32-0
0-6-2-30-48-5-29-0
0-53-11-38-10-58-0
Cost: 545
0-49-24-18-25-9-32-0
0-17-40-12-26-0
0-23-56-41-43-1-33-0
0-58-10-38-11-53-0
0-29-5-48-30-2-6-0
0-46-34-4-0
0-27-57-15-37-59-21-0
0-7-35-8-19-54-13-52-0
Cost: 545
0-49-24-18-25-9-32-0
0-17-40-12-26-0
0-23-56-41-43-1-33-0
0-58-10-38-11-53-0
0-29-5-48-30-2-6-0
0-46-34-4-0
0-27-57-15-37-59-21-0
0-7-35-8-19-54-13-52-0
Cost: 545
0-7-35-8-19-54-13-52-0
0-4-34-46-0
0-26-12-40-17-0
0-23-56-41-43-1-33-0
0-58-10-38-11-53-0
0-32-9-25-18-24-49-0
0-27-57-15-37-59-21-0
0-6-2-30-48-5-29-0
Cost: 545
0-49-24-18-25-9-32-0
0-17-40-12-26-0
0-23-56-41-43-1-33-0
0-58-10-38-11-53-0
0-29-5-48-30-2-6-0
0-46-34-4-0
0-27-57-15-37-59-21-0
0-7-35-8-19-54-13-52-0
Cost: 545
0-58-10-38-11-53-0
0-23-56-41-43-1-33-0
0-17-40-12-26-0
0-49-24-18-25-9-32-0
0-46-34-4-0
0-21-59-37-15-57-27-0
0-52-13-54-19-8-35-7-0
0-29-5-48-30-2-6-0
Cost: 545
0-7-35-8-19-54-13-52-0
0-33-1-43-41-56-23-0
0-26-12-40-17-0
0-46-34-4-0
0-21-59-37-15-57-27-0
0-49-24-18-25-9-32-0
0-6-2-30-48-5-29-0
0-53-11-38-10-58-0
Cost: 545
0-52-13-54-19-8-35-7-0
0-26-12-40-17-0
0-32-9-25-18-24-49-0
0-23-56-41-43-1-33-0
0-21-59-37-15-57-27-0
0-58-10-38-11-53-0
0-29-5-48-30-2-6-0
0-46-34-4-0
Cost: 547
0-4-46-34-0
0-26-12-40-17-0
0-52-13-54-19-8-35-7-0
0-6-2-30-48-5-29-0
0-24-18-50-25-9-32-0
0-58-10-38-11-53-0
0-33-1-43-41-56-23-0
0-27-57-15-37-59-21-0
Cost: 547
0-27-13-57-15-29-45-0
0-17-40-12-26-0
0-48-5-37-36-59-21-0
0-24-18-50-25-9-32-0
0-58-10-38-11-53-0
0-7-8-19-54-52-34-0
0-4-30-2-6-0
0-33-1-43-41-56-23-0
Cost: 545
0-53-11-38-10-58-0
0-52-13-54-19-8-35-7-0
0-23-56-41-43-1-33-0
0-32-9-25-18-24-49-0
0-21-59-37-15-57-27-0
0-6-2-30-48-5-29-0
0-46-34-4-0
0-26-12-40-17-0
Cost: 545
0-26-12-40-17-0
0-23-56-41-43-1-33-0
0-52-13-54-19-8-35-7-0
0-4-34-46-0
0-6-2-30-48-5-29-0
0-27-57-15-37-59-21-0
0-58-10-38-11-53-0
0-32-9-25-18-24-49-0
