Cost: 660
0-49-44-32-26-0
0-42-41-16-17-0
0-29-47-48-30-0
0-34-46-8-35-0
0-33-43-22-28-0
0-51-58-10-53-0
0-38-11-14-19-0
0-40-9-39-12-0
0-36-37-15-13-0
0-4-45-27-52-0
Cost: 660
0-36-37-15-13-0
0-4-45-27-52-0
0-19-14-11-38-0
0-29-47-48-30-0
0-26-32-44-49-0
0-12-39-9-40-0
0-28-22-42-33-0
0-53-10-58-51-0
0-34-46-8-35-0
0-17-16-41-43-0
Cost: 660
0-29-47-48-30-0
0-42-41-16-17-0
0-33-43-22-28-0
0-13-15-37-36-0
0-52-27-45-4-0
0-38-11-14-19-0
0-12-39-9-40-0
0-34-46-8-35-0
0-49-44-32-26-0
0-51-58-10-53-0
Cost: 660
0-17-16-41-43-0
0-13-15-37-36-0
0-26-32-44-49-0
0-38-11-14-19-0
0-35-8-46-34-0
0-52-27-45-4-0
0-29-47-48-30-0
0-28-22-42-33-0
0-40-9-39-12-0
0-51-58-10-53-0
Cost: 660
0-34-46-8-35-0
0-29-47-48-30-0
0-12-39-9-40-0
0-36-37-15-13-0
0-28-22-42-33-0
0-17-16-41-43-0
0-38-11-14-19-0
0-52-27-45-4-0
0-49-44-32-26-0
0-51-58-10-53-0
Cost: 660
0-52-27-45-4-0
0-13-15-37-36-0
0-33-42-22-28-0
0-19-14-11-38-0
0-26-32-44-49-0
0-34-46-8-35-0
0-17-16-41-43-0
0-53-10-58-51-0
0-12-39-9-40-0
0-29-47-48-30-0
Cost: 660
0-38-11-14-19-0
0-40-9-39-12-0
0-51-58-10-53-0
0-42-41-16-17-0
0-33-43-22-28-0
0-30-48-47-29-0
0-4-45-27-52-0
0-34-46-8-35-0
0-26-32-44-49-0
0-36-37-15-13-0
Cost: 660
0-29-47-48-30-0
0-17-16-41-42-0
0-26-32-44-49-0
0-13-15-37-36-0
0-19-14-11-38-0
0-53-10-58-51-0
0-40-9-39-12-0
0-34-46-8-35-0
0-4-45-27-52-0
0-28-22-43-33-0
Cost: 660
0-33-43-22-28-0
0-49-44-32-26-0
0-30-48-47-29-0
0-53-10-58-51-0
0-52-27-45-4-0
0-13-15-37-36-0
0-38-11-14-19-0
0-35-8-46-34-0
0-42-41-16-17-0
0-12-39-9-40-0
Cost: 660
0-35-8-46-34-0
0-53-10-58-51-0
0-12-39-9-40-0
0-29-47-48-30-0
0-42-41-16-17-0
0-28-22-43-33-0
0-26-32-44-49-0
0-13-15-37-36-0
0-38-11-14-19-0
0-4-45-27-52-0
Cost: 660
0-43-41-16-17-0
0-53-10-58-51-0
0-4-45-27-52-0
0-30-48-47-29-0
0-49-44-32-26-0
0-40-9-39-12-0
0-36-37-15-13-0
0-35-8-46-34-0
0-38-11-14-19-0
0-28-22-42-33-0
Cost: 660
0-40-9-39-12-0
0-28-22-43-33-0
0-17-16-41-42-0
0-49-44-32-26-0
0-30-48-47-29-0
0-36-37-15-13-0
0-52-27-45-4-0
0-35-8-46-34-0
0-51-58-10-53-0
0-38-11-14-19-0
Cost: 660
0-40-9-39-12-0
0-52-27-45-4-0
0-30-48-47-29-0
0-33-42-22-28-0
0-17-16-41-43-0
0-35-8-46-34-0
0-38-11-14-19-0
0-36-37-15-13-0
0-26-32-44-49-0
0-53-10-58-51-0
Cost: 660
0-33-43-22-28-0
0-42-41-16-17-0
0-13-15-37-36-0
0-40-9-39-12-0
0-30-48-47-29-0
0-35-8-46-34-0
0-38-11-14-19-0
0-53-10-58-51-0
0-52-27-45-4-0
0-26-32-44-49-0
Cost: 0
Cost: 0
Cost: 0
Cost: 0
Cost: 0
Cost: 0
Cost: 0
Cost: 660
0-49-44-32-26-0
0-51-58-10-53-0
0-30-48-47-29-0
0-17-16-41-43-0
0-33-42-22-28-0
0-38-11-14-19-0
0-12-39-9-40-0
0-36-37-15-13-0
0-34-46-8-35-0
0-52-27-45-4-0
Cost: 0
Cost: 0
Cost: 0
Cost: 0
Cost: 0
Cost: 0
Cost: 0
Cost: 0
