Cost: 162
0-26-40-44-3-17-0
0-34-46-8-19-35-0
0-21-47-48-45-4-0
Cost: 162
0-26-40-44-3-17-0
0-34-46-8-19-35-0
0-21-47-48-45-4-0
Cost: 162
0-26-40-44-3-17-0
0-34-46-8-19-35-0
0-21-47-48-45-4-0
Cost: 162
0-26-40-44-3-17-0
0-34-46-8-19-35-0
0-21-47-48-45-4-0
Cost: 162
0-26-40-44-3-17-0
0-34-46-8-19-35-0
0-21-47-48-45-4-0
Cost: 162
0-26-40-44-3-17-0
0-34-46-8-19-35-0
0-21-47-48-45-4-0
Cost: 162
0-26-40-44-3-17-0
0-34-46-8-19-35-0
0-21-47-48-45-4-0
Cost: 162
0-26-40-44-3-17-0
0-34-46-8-19-35-0
0-21-47-48-45-4-0
Cost: 162
0-26-40-44-3-17-0
0-34-46-8-19-35-0
0-21-47-48-45-4-0
Cost: 162
0-26-40-44-3-17-0
0-34-46-8-19-35-0
0-21-47-48-45-4-0
Cost: 162
0-46-8-19-35-7-0
0-17-3-44-40-26-0
0-45-48-47-21-30-0
Cost: 162
0-46-8-19-35-7-0
0-17-3-44-40-26-0
0-45-48-47-21-30-0
Cost: 162
0-46-8-19-35-7-0
0-17-3-44-40-26-0
0-45-48-47-21-30-0
Cost: 162
0-26-40-44-3-17-0
0-46-8-19-35-7-0
0-45-48-47-21-30-0
Cost: 162
0-46-8-19-35-7-0
0-17-3-44-40-26-0
0-45-48-47-21-30-0
Cost: 162
0-46-8-19-35-7-0
0-17-3-44-40-26-0
0-45-48-47-21-30-0
Cost: 162
0-46-8-19-35-7-0
0-17-3-44-40-26-0
0-45-48-47-21-30-0
Cost: 162
0-7-35-19-8-46-0
0-45-48-47-21-30-0
0-17-3-44-40-26-0
Cost: 162
0-34-46-8-19-35-0
0-26-40-44-3-17-0
0-21-47-48-45-4-0
Cost: 162
0-34-46-8-19-35-0
0-26-40-44-3-17-0
0-21-47-48-45-4-0
Cost: 162
0-26-40-44-3-17-0
0-34-46-8-19-35-0
0-21-47-48-45-4-0
Cost: 162
0-26-40-44-3-17-0
0-34-46-8-19-35-0
0-21-47-48-45-4-0
Cost: 162
0-21-47-48-45-4-0
0-26-40-44-3-17-0
0-35-19-8-46-34-0
Cost: 162
0-26-40-44-3-17-0
0-34-46-8-19-35-0
0-21-47-48-45-4-0
Cost: 162
0-7-35-19-8-46-0
0-45-48-47-21-30-0
0-17-3-44-40-26-0
Cost: 162
0-34-46-8-19-35-0
0-26-40-44-3-17-0
0-21-47-48-45-4-0
Cost: 162
0-17-3-44-40-26-0
0-30-21-47-48-45-0
0-7-35-19-8-46-0
Cost: 162
0-17-3-44-40-26-0
0-30-21-47-48-45-0
0-46-8-19-35-7-0
Cost: 162
0-46-8-19-35-7-0
0-30-21-47-48-45-0
0-17-3-44-40-26-0
Cost: 162
0-34-46-8-19-35-0
0-26-40-44-3-17-0
0-21-47-48-45-4-0
Cost: 162
0-7-35-19-8-46-0
0-26-40-44-3-17-0
0-30-21-47-48-45-0
