Cost: 466
0-67-7-35-14-59-66-65-38-10-31-39-72-58-12-17-0
0-34-46-8-52-27-13-57-15-29-45-4-0
0-6-33-73-1-62-22-64-42-41-56-23-63-16-3-51-0
0-75-68-2-74-61-21-36-71-60-70-20-37-5-48-30-0
Cost: 466
0-75-68-2-74-61-21-36-71-60-70-20-37-5-48-30-0
0-17-12-58-72-39-31-10-38-65-66-59-14-35-8-7-0
0-4-45-29-15-57-13-27-52-34-46-67-0
0-6-33-1-73-62-22-64-42-41-56-23-63-16-3-51-0
Cost: 466
0-68-2-74-61-21-47-36-71-60-70-20-37-5-48-30-0
0-7-8-35-14-59-66-65-38-10-31-39-72-58-12-17-0
0-67-34-52-27-13-57-15-29-45-4-75-0
0-6-33-73-1-62-22-64-42-41-56-23-63-16-3-51-0
Cost: 469
0-75-4-45-29-15-57-13-27-52-34-67-0
0-51-3-16-63-23-56-41-42-64-22-62-1-73-33-6-0
0-46-8-7-35-14-59-65-38-10-31-39-72-58-12-17-0
0-30-48-5-37-20-70-60-71-36-69-61-21-74-2-68-0
Cost: 466
0-67-34-46-8-52-27-13-57-15-29-45-4-0
0-75-68-2-74-61-21-36-71-60-70-20-37-5-48-30-0
0-17-12-58-72-39-31-10-38-65-66-59-14-35-7-0
0-51-3-16-63-23-56-41-42-64-22-62-1-73-33-6-0
Cost: 466
0-26-7-35-14-59-66-65-38-10-31-39-72-58-12-17-0
0-6-33-73-1-62-22-64-42-41-56-23-63-16-3-51-0
0-30-48-5-37-20-70-60-71-36-21-61-74-2-68-75-0
0-67-34-46-8-52-13-57-15-29-45-4-0
Cost: 466
0-51-3-16-63-23-56-41-42-64-22-62-1-73-33-6-0
0-75-68-2-74-61-21-36-71-60-70-20-37-5-48-30-0
0-7-8-35-14-59-66-65-38-10-31-39-72-58-12-17-0
0-4-45-29-15-57-13-27-52-34-46-67-0
Cost: 466
0-51-3-16-63-23-56-41-42-64-22-62-1-73-33-6-0
0-75-68-2-74-61-21-36-71-60-70-20-37-5-48-30-0
0-7-8-35-14-59-66-65-38-10-31-39-72-58-12-17-0
0-4-45-29-15-57-13-27-52-34-46-67-0
Cost: 466
0-6-33-73-1-62-22-64-42-41-56-23-63-16-3-51-0
0-17-12-58-72-39-31-10-38-65-66-59-14-35-8-7-0
0-75-68-2-74-61-21-36-71-60-70-20-37-5-48-30-0
0-4-45-29-15-57-13-27-52-46-34-67-0
Cost: 466
0-17-12-58-72-39-31-10-38-65-66-59-14-35-8-7-0
0-75-68-2-74-61-21-36-71-60-70-20-37-5-48-30-0
0-67-46-34-52-27-13-57-15-29-45-4-0
0-51-3-16-63-23-56-41-42-64-22-62-1-73-33-6-0
Cost: 466
0-68-2-74-61-21-47-36-71-60-70-20-37-5-48-30-0
0-17-12-58-72-39-31-10-38-65-66-59-14-35-8-7-0
0-51-3-16-63-23-56-41-42-64-22-62-1-73-33-6-0
0-75-4-45-29-15-57-13-27-52-34-67-0
Cost: 466
0-75-30-48-5-37-20-70-60-71-36-21-61-74-2-68-0
0-51-3-16-63-23-56-41-42-64-22-62-1-73-33-6-0
0-67-34-46-52-27-13-57-15-29-45-4-0
0-17-12-58-72-39-31-10-38-65-66-59-14-35-8-7-0
Cost: 466
0-51-3-16-63-23-56-41-42-64-22-62-1-73-33-6-0
0-75-30-48-5-37-20-70-60-71-36-21-61-74-2-68-0
0-17-12-58-72-39-31-10-38-65-66-59-14-35-7-67-0
0-4-45-29-15-57-13-27-52-8-46-34-0
Cost: 466
0-17-12-58-72-39-31-10-38-65-66-59-14-35-8-7-0
0-68-2-74-61-21-47-36-71-60-70-20-37-5-48-30-0
0-75-4-45-29-15-57-13-27-52-34-67-0
0-51-3-16-63-23-56-41-42-64-22-62-73-1-33-6-0
Cost: 466
0-17-12-58-72-39-31-10-38-65-66-59-14-35-8-7-0
0-68-2-74-61-21-47-36-71-60-70-20-37-5-48-30-0
0-75-4-45-29-15-57-13-27-52-34-67-0
0-51-3-16-63-23-56-41-42-64-22-62-73-1-33-6-0
Cost: 466
0-75-4-45-29-5-36-71-60-70-20-37-15-57-13-52-34-0
0-67-46-8-7-35-14-59-66-65-38-58-26-0
0-30-74-21-61-22-64-42-41-56-23-63-1-73-62-2-68-0
0-17-12-72-31-39-9-32-44-3-16-51-6-0
Cost: 466
0-6-33-73-1-62-22-64-42-41-56-23-63-16-3-51-0
0-17-12-58-72-39-31-10-38-65-66-59-14-35-8-7-0
0-75-30-48-5-37-20-70-60-71-36-21-61-74-2-68-0
0-4-45-29-15-57-13-27-52-34-46-67-0
Cost: 466
0-4-45-29-15-57-13-27-52-46-34-67-0
0-6-33-73-1-62-22-64-42-41-56-23-63-16-3-51-0
0-75-68-2-74-61-21-36-71-60-70-20-37-5-48-30-0
0-17-12-58-72-39-31-10-38-65-66-59-14-35-8-7-0
Cost: 466
0-4-45-29-15-57-13-27-52-46-34-67-0
0-6-33-73-1-62-22-64-42-41-56-23-63-16-3-51-0
0-75-68-2-74-61-21-36-71-60-70-20-37-5-48-30-0
0-17-12-58-72-39-31-10-38-65-66-59-14-35-8-7-0
Cost: 466
0-67-34-46-8-52-27-13-57-15-29-45-4-0
0-30-48-5-37-20-70-60-71-36-21-61-74-2-68-75-0
0-6-33-1-73-62-22-64-42-41-56-23-63-16-3-51-0
0-17-12-58-72-39-31-10-38-65-66-59-14-35-7-0
Cost: 466
0-67-34-46-8-52-27-13-57-15-29-45-4-0
0-30-48-5-37-20-70-60-71-36-21-61-74-2-68-75-0
0-6-33-1-73-62-22-64-42-41-56-23-63-16-3-51-0
0-17-12-58-72-39-31-10-38-65-66-59-14-35-7-0
Cost: 466
0-75-68-2-74-61-21-36-71-60-70-20-37-5-48-30-0
0-4-45-29-15-57-13-27-52-8-46-34-67-0
0-6-33-73-1-62-22-64-42-41-56-23-63-16-3-51-0
0-17-12-58-72-39-31-10-38-65-66-59-14-35-7-0
Cost: 466
0-67-34-46-8-52-27-13-57-15-29-45-4-0
0-30-48-5-37-20-70-60-71-36-21-61-74-2-68-75-0
0-6-33-1-73-62-22-64-42-41-56-23-63-16-3-51-0
0-17-12-58-72-39-31-10-38-65-66-59-14-35-7-0
Cost: 466
0-6-33-73-1-62-22-64-42-41-56-23-63-16-3-51-0
0-17-12-58-72-39-31-10-38-65-66-59-14-35-8-7-0
0-75-30-48-5-37-20-70-60-71-36-21-61-74-2-68-0
0-4-45-29-15-57-13-27-52-34-46-67-0
Cost: 466
0-4-45-29-15-57-13-27-52-46-34-67-0
0-6-33-73-1-62-22-64-42-41-56-23-63-16-3-51-0
0-75-68-2-74-61-21-36-71-60-70-20-37-5-48-30-0
0-17-12-58-72-39-31-10-38-65-66-59-14-35-8-7-0
Cost: 466
0-75-4-45-29-15-57-13-27-52-34-67-0
0-30-48-5-37-20-70-60-71-36-47-21-61-74-2-68-0
0-6-33-1-73-62-22-64-42-41-56-23-63-16-3-51-0
0-7-8-35-14-59-66-65-38-10-31-39-72-58-12-17-0
Cost: 466
0-4-45-29-15-57-13-27-52-8-46-34-0
0-67-7-35-14-59-66-65-38-10-31-39-72-58-12-17-0
0-6-33-73-1-62-22-64-42-41-56-23-63-16-3-51-0
0-30-48-5-37-20-70-60-71-36-21-61-74-2-68-75-0
Cost: 466
0-75-4-45-29-15-57-13-27-52-34-67-0
0-17-12-58-72-39-31-10-38-65-66-59-14-35-8-7-0
0-51-3-16-63-23-56-41-42-64-22-62-1-73-33-6-0
0-68-2-74-61-21-47-36-71-60-70-20-37-5-48-30-0
Cost: 466
0-4-45-29-15-57-13-52-8-46-34-67-0
0-75-30-48-5-37-20-70-60-71-36-21-61-74-2-68-0
0-6-33-73-1-62-22-64-42-41-56-23-63-16-3-51-0
0-26-7-35-14-59-66-65-38-10-31-39-72-58-12-17-0
