Cost: 719
0-45-29-57-13-54-19-7-0
0-10-31-25-55-18-50-3-0
0-4-27-52-8-46-34-0
0-6-33-1-43-42-41-56-23-0
0-5-15-20-37-36-47-48-0
0-30-21-28-22-62-2-0
0-17-44-24-49-63-16-51-0
0-40-32-9-39-12-0
0-35-53-14-11-38-58-26-0
Cost: 719
0-23-56-41-42-43-1-33-6-0
0-3-50-18-55-25-31-10-0
0-35-14-53-11-38-58-26-0
0-45-29-57-13-54-19-7-0
0-4-27-52-8-46-34-0
0-2-62-22-28-21-30-0
0-17-44-24-49-63-16-51-0
0-48-47-36-37-20-15-5-0
0-40-32-9-39-12-0
Cost: 725
0-17-3-44-32-40-26-0
0-7-38-10-31-58-12-0
0-4-27-52-8-46-34-0
0-2-62-22-1-63-16-51-0
0-35-53-11-14-19-54-13-0
0-30-48-47-5-29-45-0
0-39-9-25-55-50-18-24-0
0-6-33-43-42-41-56-23-49-0
0-28-21-36-37-20-15-57-0
Cost: 719
0-51-16-63-49-24-44-17-0
0-6-33-1-43-42-41-56-23-0
0-2-62-22-28-21-30-0
0-26-58-38-11-14-53-35-0
0-12-39-9-32-40-0
0-34-46-8-52-27-4-0
0-3-50-18-55-25-31-10-0
0-5-15-20-37-36-47-48-0
0-45-29-57-13-54-19-7-0
Cost: 725
0-28-21-36-37-20-15-57-0
0-35-53-11-14-19-54-13-0
0-6-33-43-42-41-56-23-49-0
0-26-40-32-44-3-17-0
0-30-48-47-5-29-45-0
0-7-38-10-31-58-12-0
0-24-18-50-55-25-9-39-0
0-4-27-52-8-46-34-0
0-51-16-63-1-22-62-2-0
Cost: 719
0-23-56-41-42-43-1-33-6-0
0-5-15-20-37-36-47-48-0
0-4-27-52-8-46-34-0
0-10-31-25-55-18-50-3-0
0-40-32-9-39-12-0
0-2-62-22-28-21-30-0
0-7-19-54-13-57-29-45-0
0-35-53-14-11-38-58-26-0
0-17-44-24-49-63-16-51-0
Cost: 719
0-34-46-8-52-27-4-0
0-35-53-14-11-38-58-26-0
0-17-44-24-49-63-16-51-0
0-30-21-28-22-62-2-0
0-45-29-57-13-54-19-7-0
0-23-56-41-42-43-1-33-6-0
0-3-50-18-55-25-31-10-0
0-48-47-36-37-20-15-5-0
0-40-32-9-39-12-0
Cost: 719
0-5-15-20-37-36-47-48-0
0-2-62-22-28-21-30-0
0-10-31-25-55-18-50-3-0
0-34-46-8-52-27-4-0
0-51-16-63-49-24-44-17-0
0-23-56-41-42-43-1-33-6-0
0-26-58-38-11-14-53-35-0
0-12-39-9-32-40-0
0-7-19-54-13-57-29-45-0
Cost: 719
0-7-19-54-13-57-29-45-0
0-3-50-18-55-25-31-10-0
0-12-39-9-32-40-0
0-26-58-38-11-53-14-35-0
0-6-33-1-43-42-41-56-23-0
0-30-21-28-22-62-2-0
0-51-16-63-49-24-44-17-0
0-5-15-20-37-36-47-48-0
0-4-27-52-8-46-34-0
Cost: 719
0-7-19-54-13-57-29-45-0
0-3-50-18-55-25-31-10-0
0-12-39-9-32-40-0
0-26-58-38-11-53-14-35-0
0-6-33-1-43-42-41-56-23-0
0-30-21-28-22-62-2-0
0-51-16-63-49-24-44-17-0
0-5-15-20-37-36-47-48-0
0-4-27-52-8-46-34-0
Cost: 719
0-12-39-9-32-40-0
0-4-27-52-8-46-34-0
0-17-44-24-49-63-16-51-0
0-35-53-14-11-38-58-26-0
0-30-21-28-22-62-2-0
0-6-33-1-43-42-41-56-23-0
0-7-19-54-13-57-29-45-0
0-3-50-18-55-25-31-10-0
0-48-47-36-37-20-15-5-0
Cost: 719
0-2-62-22-28-21-30-0
0-12-39-9-32-40-0
0-26-58-38-11-14-53-35-0
0-51-16-63-49-24-44-17-0
0-3-50-18-55-25-31-10-0
0-5-15-20-37-36-47-48-0
0-45-29-57-13-54-19-7-0
0-6-33-1-43-42-41-56-23-0
0-4-27-52-8-46-34-0
Cost: 725
0-52-54-13-15-29-45-4-0
0-26-7-35-19-8-46-34-0
0-17-51-44-3-16-33-6-0
0-63-23-56-41-42-43-1-2-0
0-48-47-36-21-28-22-62-0
0-40-32-9-39-12-0
0-30-5-37-20-57-27-0
0-58-10-38-11-14-53-0
0-31-55-25-50-18-24-49-0
Cost: 719
0-23-56-41-42-43-1-33-6-0
0-51-16-63-49-24-44-17-0
0-26-58-38-11-14-53-35-0
0-5-15-20-37-36-47-48-0
0-12-39-9-32-40-0
0-7-19-54-13-57-29-45-0
0-34-46-8-52-27-4-0
0-30-21-28-22-62-2-0
0-3-50-18-55-25-31-10-0
Cost: 719
0-23-56-41-42-43-1-33-6-0
0-51-16-63-49-24-44-17-0
0-26-58-38-11-14-53-35-0
0-5-15-20-37-36-47-48-0
0-12-39-9-32-40-0
0-7-19-54-13-57-29-45-0
0-34-46-8-52-27-4-0
0-30-21-28-22-62-2-0
0-3-50-18-55-25-31-10-0
Cost: 719
0-10-31-25-55-18-50-3-0
0-51-16-63-49-24-44-17-0
0-5-15-20-37-36-47-48-0
0-7-19-54-13-57-29-45-0
0-35-53-14-11-38-58-26-0
0-34-46-8-52-27-4-0
0-6-33-1-43-42-41-56-23-0
0-40-32-9-39-12-0
0-2-62-22-28-21-30-0
Cost: 719
0-23-56-41-42-43-1-33-6-0
0-51-16-63-49-24-44-17-0
0-12-39-9-32-40-0
0-2-62-22-28-21-30-0
0-34-46-8-52-27-4-0
0-35-53-14-11-38-58-26-0
0-7-19-54-13-57-29-45-0
0-48-47-36-37-20-15-5-0
0-3-50-18-55-25-31-10-0
Cost: 719
0-3-50-18-55-25-31-10-0
0-6-33-1-43-42-41-56-23-0
0-30-21-28-22-62-2-0
0-34-46-8-52-27-4-0
0-12-39-9-32-40-0
0-45-29-57-13-54-19-7-0
0-17-44-24-49-63-16-51-0
0-35-53-14-11-38-58-26-0
0-5-15-20-37-36-47-48-0
Cost: 719
0-3-50-18-55-25-31-10-0
0-6-33-1-43-42-41-56-23-0
0-30-21-28-22-62-2-0
0-34-46-8-52-27-4-0
0-12-39-9-32-40-0
0-45-29-57-13-54-19-7-0
0-17-44-24-49-63-16-51-0
0-35-53-14-11-38-58-26-0
0-5-15-20-37-36-47-48-0
Cost: 719
0-26-58-38-11-53-14-35-0
0-6-33-1-43-42-41-56-23-0
0-5-15-20-37-36-47-48-0
0-51-16-63-49-24-44-17-0
0-45-29-57-13-54-19-7-0
0-2-62-22-28-21-30-0
0-34-46-8-52-27-4-0
0-12-39-9-32-40-0
0-10-31-25-55-18-50-3-0
Cost: 719
0-12-39-9-32-40-0
0-48-47-36-37-20-15-5-0
0-17-44-24-49-63-16-51-0
0-45-29-57-13-54-19-7-0
0-34-46-8-52-27-4-0
0-3-50-18-55-25-31-10-0
0-23-56-41-42-43-1-33-6-0
0-2-62-22-28-21-30-0
0-35-53-14-11-38-58-26-0
Cost: 719
0-34-46-8-52-27-4-0
0-12-39-9-32-40-0
0-23-56-41-42-43-1-33-6-0
0-30-21-28-22-62-2-0
0-5-15-20-37-36-47-48-0
0-3-50-18-55-25-31-10-0
0-51-16-63-49-24-44-17-0
0-35-53-14-11-38-58-26-0
0-45-29-57-13-54-19-7-0
Cost: 719
0-12-39-9-32-40-0
0-48-47-36-37-20-15-5-0
0-17-44-24-49-63-16-51-0
0-45-29-57-13-54-19-7-0
0-34-46-8-52-27-4-0
0-3-50-18-55-25-31-10-0
0-23-56-41-42-43-1-33-6-0
0-2-62-22-28-21-30-0
0-35-53-14-11-38-58-26-0
Cost: 719
0-23-56-41-42-43-1-33-6-0
0-51-16-63-49-24-44-17-0
0-12-39-9-32-40-0
0-2-62-22-28-21-30-0
0-34-46-8-52-27-4-0
0-35-53-14-11-38-58-26-0
0-7-19-54-13-57-29-45-0
0-48-47-36-37-20-15-5-0
0-3-50-18-55-25-31-10-0
Cost: 721
0-10-31-25-55-18-50-3-0
0-26-58-38-11-53-14-35-0
0-46-34-52-29-45-4-0
0-17-44-24-49-63-16-51-0
0-27-57-13-54-19-8-7-0
0-30-21-28-22-62-2-0
0-12-39-9-32-40-0
0-23-56-41-42-43-1-33-6-0
0-5-15-20-37-36-47-48-0
Cost: 719
0-30-21-28-22-62-2-0
0-45-29-57-13-54-19-7-0
0-5-15-20-37-36-47-48-0
0-3-50-18-55-25-31-10-0
0-51-16-63-49-24-44-17-0
0-34-46-8-52-27-4-0
0-40-32-9-39-12-0
0-35-53-14-11-38-58-26-0
0-6-33-1-43-42-41-56-23-0
Cost: 0
Cost: 739
0-26-40-32-44-3-17-0
0-22-1-43-42-41-56-23-49-51-0
0-46-34-52-13-27-4-0
0-45-29-5-47-48-30-0
0-12-7-35-14-19-54-8-0
0-28-21-36-37-20-15-57-0
0-58-10-31-38-11-53-0
0-2-62-33-63-16-6-0
0-39-9-25-55-50-18-24-0
Cost: 719
0-45-29-57-13-54-19-7-0
0-12-39-9-32-40-0
0-2-62-22-28-21-30-0
0-4-27-52-8-46-34-0
0-5-15-20-37-36-47-48-0
0-6-33-1-43-42-41-56-23-0
0-10-31-25-55-18-50-3-0
0-51-16-63-49-24-44-17-0
0-26-58-38-11-53-14-35-0
Cost: 719
0-35-14-53-11-38-58-26-0
0-12-39-9-32-40-0
0-6-33-1-43-42-41-56-23-0
0-5-15-20-37-36-47-48-0
0-34-46-8-52-27-4-0
0-51-16-63-49-24-44-17-0
0-45-29-57-13-54-19-7-0
0-10-31-25-55-18-50-3-0
0-2-62-22-28-21-30-0
