Cost: 239
0-12-39-9-40-17-0
0-22-42-41-43-1-6-0
0-34-46-8-19-35-7-0
0-4-45-29-47-48-30-0
Cost: 239
0-6-1-43-41-42-22-0
0-17-40-9-39-12-0
0-7-35-19-8-46-34-0
0-30-48-47-29-45-4-0
Cost: 239
0-12-39-9-40-17-0
0-22-42-41-43-1-6-0
0-34-46-8-19-35-7-0
0-4-45-29-47-48-30-0
Cost: 239
0-12-39-9-40-17-0
0-22-42-41-43-1-6-0
0-34-46-8-19-35-7-0
0-4-45-29-47-48-30-0
Cost: 239
0-7-35-19-8-46-34-0
0-4-45-29-47-48-30-0
0-17-40-9-39-12-0
0-6-1-43-41-42-22-0
Cost: 239
0-34-46-8-19-35-7-0
0-30-48-47-29-45-4-0
0-17-40-9-39-12-0
0-6-1-43-41-42-22-0
Cost: 239
0-6-1-43-41-42-22-0
0-7-35-19-8-46-34-0
0-12-39-9-40-17-0
0-4-45-29-47-48-30-0
Cost: 239
0-6-1-43-41-42-22-0
0-7-35-19-8-46-34-0
0-12-39-9-40-17-0
0-4-45-29-47-48-30-0
Cost: 239
0-6-1-43-41-42-22-0
0-7-35-19-8-46-34-0
0-12-39-9-40-17-0
0-4-45-29-47-48-30-0
Cost: 239
0-6-1-43-41-42-22-0
0-7-35-19-8-46-34-0
0-12-39-9-40-17-0
0-4-45-29-47-48-30-0
Cost: 239
0-7-35-19-8-46-34-0
0-30-48-47-29-45-4-0
0-6-1-43-41-42-22-0
0-17-40-9-39-12-0
Cost: 239
0-7-35-19-8-46-34-0
0-30-48-47-29-45-4-0
0-6-1-43-41-42-22-0
0-17-40-9-39-12-0
Cost: 239
0-7-35-19-8-46-34-0
0-30-48-47-29-45-4-0
0-6-1-43-41-42-22-0
0-17-40-9-39-12-0
Cost: 239
0-30-48-47-29-45-4-0
0-12-39-9-40-17-0
0-22-42-41-43-1-6-0
0-34-46-8-19-35-7-0
Cost: 239
0-7-35-19-8-46-34-0
0-30-48-47-29-45-4-0
0-6-1-43-41-42-22-0
0-17-40-9-39-12-0
Cost: 239
0-7-35-19-8-46-34-0
0-30-48-47-29-45-4-0
0-6-1-43-41-42-22-0
0-17-40-9-39-12-0
Cost: 239
0-17-40-9-39-12-0
0-6-1-43-41-42-22-0
0-34-46-8-19-35-7-0
0-30-48-47-29-45-4-0
Cost: 239
0-12-39-9-40-17-0
0-7-35-19-8-46-34-0
0-30-48-47-29-45-4-0
0-6-1-43-41-42-22-0
Cost: 239
0-12-39-9-40-17-0
0-7-35-19-8-46-34-0
0-30-48-47-29-45-4-0
0-6-1-43-41-42-22-0
Cost: 239
0-12-39-9-40-17-0
0-7-35-19-8-46-34-0
0-30-48-47-29-45-4-0
0-6-1-43-41-42-22-0
Cost: 239
0-7-35-19-8-46-34-0
0-22-42-41-43-1-6-0
0-30-48-47-29-45-4-0
0-17-40-9-39-12-0
Cost: 239
0-7-35-19-8-46-34-0
0-22-42-41-43-1-6-0
0-30-48-47-29-45-4-0
0-17-40-9-39-12-0
Cost: 239
0-4-45-29-47-48-30-0
0-6-1-43-41-42-22-0
0-17-40-9-39-12-0
0-7-35-19-8-46-34-0
Cost: 239
0-7-35-19-8-46-34-0
0-22-42-41-43-1-6-0
0-30-48-47-29-45-4-0
0-17-40-9-39-12-0
Cost: 239
0-12-39-9-40-17-0
0-7-35-19-8-46-34-0
0-30-48-47-29-45-4-0
0-6-1-43-41-42-22-0
Cost: 239
0-12-39-9-40-17-0
0-7-35-19-8-46-34-0
0-30-48-47-29-45-4-0
0-6-1-43-41-42-22-0
Cost: 239
0-34-46-8-19-35-7-0
0-30-48-47-29-45-4-0
0-17-40-9-39-12-0
0-6-1-43-41-42-22-0
Cost: 239
0-7-35-19-8-46-34-0
0-30-48-47-29-45-4-0
0-6-1-43-41-42-22-0
0-12-39-9-40-17-0
Cost: 239
0-12-39-9-40-17-0
0-34-46-8-19-35-7-0
0-6-1-43-41-42-22-0
0-30-48-47-29-45-4-0
Cost: 239
0-4-45-29-47-48-30-0
0-34-46-8-19-35-7-0
0-17-40-9-39-12-0
0-6-1-43-41-42-22-0
Cost: 239
0-22-42-41-43-1-6-0
0-12-39-9-40-17-0
0-30-48-47-29-45-4-0
0-34-46-8-19-35-7-0
