Cost: 434
0-6-51-3-44-32-40-17-0
0-30-21-36-37-5-29-45-4-0
0-12-39-9-25-18-24-49-16-0
0-34-46-8-52-27-0
0-2-28-22-42-41-43-1-33-0
0-26-10-38-11-53-35-7-0
Cost: 434
0-4-45-29-5-37-36-21-30-0
0-17-40-32-44-3-51-6-0
0-26-10-38-11-53-35-7-0
0-34-46-8-52-27-0
0-2-28-22-42-41-43-1-33-0
0-12-39-9-25-18-24-49-16-0
Cost: 434
0-30-21-36-37-5-29-45-4-0
0-27-52-8-46-34-0
0-16-49-24-18-25-9-39-12-0
0-7-35-53-11-38-10-26-0
0-33-1-43-41-42-22-28-2-0
0-17-40-32-44-3-51-6-0
Cost: 440
0-40-39-9-25-32-44-3-17-0
0-12-10-38-11-53-35-7-0
0-34-46-8-26-0
0-4-45-29-5-37-15-27-52-0
0-30-48-47-36-21-28-22-2-0
0-6-33-1-43-42-41-23-16-0
Cost: 434
0-34-46-8-52-27-0
0-17-40-32-44-3-51-6-0
0-26-10-38-11-53-35-7-0
0-12-39-9-25-18-24-49-16-0
0-33-1-43-41-42-22-28-2-0
0-4-45-29-5-37-36-21-30-0
Cost: 434
0-4-45-29-5-37-36-21-30-0
0-27-52-8-46-34-0
0-33-1-43-41-42-22-28-2-0
0-7-35-53-11-38-10-26-0
0-16-49-24-18-25-9-39-12-0
0-17-40-32-44-3-51-6-0
Cost: 435
0-7-35-53-11-38-10-26-0
0-2-28-22-42-41-43-1-33-0
0-4-27-52-8-46-34-0
0-51-3-44-32-40-17-0
0-12-39-9-25-18-24-16-6-0
0-45-29-5-37-36-47-21-30-0
Cost: 434
0-16-49-24-18-25-9-39-12-0
0-27-52-8-46-34-0
0-4-45-29-5-37-36-21-30-0
0-2-28-22-42-41-43-1-33-0
0-26-10-38-11-53-35-7-0
0-17-40-32-44-3-51-6-0
Cost: 434
0-4-45-29-5-37-36-21-30-0
0-33-1-43-41-42-22-28-2-0
0-17-40-32-44-3-51-6-0
0-16-49-24-18-25-9-39-12-0
0-26-10-38-11-53-35-7-0
0-27-52-8-46-34-0
Cost: 434
0-2-28-22-42-41-43-1-33-0
0-4-45-29-5-37-36-21-30-0
0-26-10-38-11-53-35-7-0
0-12-39-9-25-18-24-49-16-0
0-27-52-8-46-34-0
0-6-51-3-44-32-40-17-0
Cost: 435
0-30-48-47-36-37-5-29-45-0
0-4-27-52-8-46-34-0
0-33-1-43-41-42-22-28-2-0
0-26-38-11-14-19-35-7-0
0-51-3-44-32-40-17-0
0-12-39-9-25-18-24-16-6-0
Cost: 434
0-33-1-43-41-42-22-28-2-0
0-16-49-24-18-25-9-39-12-0
0-30-21-36-37-5-29-45-4-0
0-7-35-53-11-38-10-26-0
0-17-40-32-44-3-51-6-0
0-27-52-8-46-34-0
Cost: 434
0-33-1-43-41-42-22-28-2-0
0-27-52-8-46-34-0
0-7-35-53-11-38-10-26-0
0-6-51-3-44-32-40-17-0
0-30-21-36-37-5-29-45-4-0
0-12-39-9-25-18-24-49-16-0
Cost: 434
0-33-1-43-41-42-22-28-2-0
0-12-39-9-25-18-24-49-16-0
0-26-10-38-11-53-35-7-0
0-4-45-29-5-37-36-21-30-0
0-27-52-8-46-34-0
0-6-51-3-44-32-40-17-0
Cost: 434
0-33-1-43-41-42-22-28-2-0
0-27-52-8-46-34-0
0-7-35-53-11-38-10-26-0
0-6-51-3-44-32-40-17-0
0-30-21-36-37-5-29-45-4-0
0-12-39-9-25-18-24-49-16-0
Cost: 434
0-33-1-43-41-42-22-28-2-0
0-27-52-8-46-34-0
0-7-35-53-11-38-10-26-0
0-6-51-3-44-32-40-17-0
0-30-21-36-37-5-29-45-4-0
0-12-39-9-25-18-24-49-16-0
Cost: 434
0-26-10-38-11-53-35-7-0
0-16-49-24-18-25-9-39-12-0
0-34-46-8-52-27-0
0-6-51-3-44-32-40-17-0
0-30-21-36-37-5-29-45-4-0
0-2-28-22-42-41-43-1-33-0
Cost: 435
0-30-48-47-36-37-5-29-45-0
0-4-27-52-8-46-34-0
0-33-1-43-41-42-22-28-2-0
0-26-38-11-14-19-35-7-0
0-51-3-44-32-40-17-0
0-12-39-9-25-18-24-16-6-0
Cost: 434
0-33-1-43-41-42-22-28-2-0
0-30-21-36-37-5-29-45-4-0
0-17-40-32-44-3-51-6-0
0-27-52-8-46-34-0
0-26-10-38-11-53-35-7-0
0-12-39-9-25-18-24-49-16-0
Cost: 434
0-7-35-53-11-38-10-26-0
0-6-51-3-44-32-40-17-0
0-2-28-22-42-41-43-1-33-0
0-27-52-8-46-34-0
0-16-49-24-18-25-9-39-12-0
0-30-21-36-37-5-29-45-4-0
Cost: 434
0-2-28-22-42-41-43-1-33-0
0-17-40-32-44-3-51-6-0
0-26-10-38-11-53-35-7-0
0-30-21-36-37-5-29-45-4-0
0-34-46-8-52-27-0
0-16-49-24-18-25-9-39-12-0
Cost: 434
0-27-52-8-46-34-0
0-4-45-29-5-37-36-21-30-0
0-17-40-32-44-3-51-6-0
0-26-10-38-11-53-35-7-0
0-2-28-22-42-41-43-1-33-0
0-12-39-9-25-18-24-49-16-0
Cost: 434
0-17-40-32-44-3-51-6-0
0-27-52-8-46-34-0
0-30-21-36-37-5-29-45-4-0
0-7-35-53-11-38-10-26-0
0-33-1-43-41-42-22-28-2-0
0-16-49-24-18-25-9-39-12-0
Cost: 434
0-27-52-8-46-34-0
0-4-45-29-5-37-36-21-30-0
0-17-40-32-44-3-51-6-0
0-26-10-38-11-53-35-7-0
0-2-28-22-42-41-43-1-33-0
0-12-39-9-25-18-24-49-16-0
Cost: 435
0-30-48-47-36-37-5-29-45-0
0-4-27-52-8-46-34-0
0-33-1-43-41-42-22-28-2-0
0-26-38-11-14-19-35-7-0
0-51-3-44-32-40-17-0
0-12-39-9-25-18-24-16-6-0
Cost: 434
0-6-51-3-44-32-40-17-0
0-26-10-38-11-53-35-7-0
0-4-45-29-5-37-36-21-30-0
0-2-28-22-42-41-43-1-33-0
0-12-39-9-25-18-24-49-16-0
0-27-52-8-46-34-0
Cost: 434
0-17-40-32-44-3-51-6-0
0-16-49-24-18-25-9-39-12-0
0-33-1-43-41-42-22-28-2-0
0-4-45-29-5-37-36-21-30-0
0-7-35-53-11-38-10-26-0
0-27-52-8-46-34-0
Cost: 435
0-30-21-36-37-5-29-45-0
0-17-40-32-44-3-51-6-0
0-4-27-52-8-46-34-0
0-2-28-22-42-41-43-1-33-0
0-16-49-24-18-25-9-39-12-0
0-7-35-53-11-38-10-26-0
Cost: 436
0-26-10-38-11-53-35-7-0
0-30-48-21-36-37-5-29-45-0
0-2-28-22-42-41-43-1-33-0
0-17-40-32-44-3-51-0
0-34-46-8-52-27-4-0
0-12-39-9-25-18-24-16-6-0
Cost: 434
0-26-10-38-11-53-35-7-0
0-2-28-22-42-41-43-1-33-0
0-12-39-9-25-18-24-49-16-0
0-6-51-3-44-32-40-17-0
0-34-46-8-52-27-0
0-4-45-29-5-37-36-21-30-0
Cost: 434
0-2-28-22-42-41-43-1-33-0
0-7-35-53-11-38-10-26-0
0-6-51-3-44-32-40-17-0
0-30-21-36-37-5-29-45-4-0
0-34-46-8-52-27-0
0-12-39-9-25-18-24-49-16-0
