Cost: 307
0-17-44-15-37-12-0
0-4-13-25-14-0
0-1-22-8-23-6-0
0-27-32-46-0
0-30-34-21-29-11-0
Cost: 307
0-14-25-13-4-0
0-17-44-15-37-12-0
0-46-32-27-0
0-30-34-21-29-11-0
0-6-23-8-22-1-0
Cost: 307
0-17-44-15-37-12-0
0-4-13-25-14-0
0-1-22-8-23-6-0
0-27-32-46-0
0-30-34-21-29-11-0
Cost: 307
0-27-32-46-0
0-30-34-21-29-11-0
0-12-37-15-44-17-0
0-4-13-25-14-0
0-6-23-8-22-1-0
Cost: 307
0-30-34-21-29-11-0
0-14-25-13-4-0
0-46-32-27-0
0-6-23-8-22-1-0
0-12-37-15-44-17-0
Cost: 307
0-14-25-13-4-0
0-27-32-46-0
0-12-37-15-44-17-0
0-1-22-8-23-6-0
0-9-30-34-21-29-0
Cost: 307
0-6-23-8-22-1-0
0-46-32-27-0
0-29-21-34-30-9-0
0-4-13-25-14-0
0-17-44-15-37-12-0
Cost: 307
0-6-23-8-22-1-0
0-46-32-27-0
0-29-21-34-30-9-0
0-4-13-25-14-0
0-17-44-15-37-12-0
Cost: 307
0-6-23-8-22-1-0
0-46-32-27-0
0-29-21-34-30-9-0
0-4-13-25-14-0
0-17-44-15-37-12-0
Cost: 307
0-27-32-46-0
0-12-37-15-44-17-0
0-6-23-8-22-1-0
0-29-21-34-30-9-0
0-4-13-25-14-0
Cost: 307
0-1-22-8-23-6-0
0-46-32-27-0
0-11-29-21-34-30-0
0-14-25-13-4-0
0-17-44-15-37-12-0
Cost: 307
0-1-22-8-23-6-0
0-46-32-27-0
0-11-29-21-34-30-0
0-14-25-13-4-0
0-17-44-15-37-12-0
Cost: 307
0-1-22-8-23-6-0
0-46-32-27-0
0-11-29-21-34-30-0
0-14-25-13-4-0
0-17-44-15-37-12-0
Cost: 307
0-4-13-25-14-0
0-12-37-15-44-17-0
0-1-22-8-23-6-0
0-11-29-21-34-30-0
0-27-32-46-0
Cost: 307
0-1-22-8-23-6-0
0-46-32-27-0
0-11-29-21-34-30-0
0-14-25-13-4-0
0-17-44-15-37-12-0
Cost: 307
0-1-22-8-23-6-0
0-46-32-27-0
0-11-29-21-34-30-0
0-14-25-13-4-0
0-17-44-15-37-12-0
Cost: 307
0-1-22-8-23-6-0
0-46-32-27-0
0-11-29-21-34-30-0
0-14-25-13-4-0
0-17-44-15-37-12-0
Cost: 307
0-30-34-21-29-11-0
0-17-44-15-37-12-0
0-1-22-8-23-6-0
0-4-13-25-14-0
0-27-32-46-0
Cost: 307
0-1-22-8-23-6-0
0-14-25-13-4-0
0-27-32-46-0
0-17-44-15-37-12-0
0-29-21-34-30-9-0
Cost: 307
0-1-22-8-23-6-0
0-14-25-13-4-0
0-27-32-46-0
0-17-44-15-37-12-0
0-29-21-34-30-9-0
Cost: 307
0-14-25-13-4-0
0-17-44-15-37-12-0
0-30-34-21-29-11-0
0-6-23-8-22-1-0
0-46-32-27-0
Cost: 307
0-14-25-13-4-0
0-17-44-15-37-12-0
0-30-34-21-29-11-0
0-6-23-8-22-1-0
0-46-32-27-0
Cost: 307
0-14-25-13-4-0
0-29-21-34-30-9-0
0-12-37-15-44-17-0
0-1-22-8-23-6-0
0-46-32-27-0
Cost: 307
0-14-25-13-4-0
0-17-44-15-37-12-0
0-30-34-21-29-11-0
0-6-23-8-22-1-0
0-46-32-27-0
Cost: 307
0-30-34-21-29-11-0
0-17-44-15-37-12-0
0-1-22-8-23-6-0
0-4-13-25-14-0
0-27-32-46-0
Cost: 307
0-1-22-8-23-6-0
0-14-25-13-4-0
0-27-32-46-0
0-17-44-15-37-12-0
0-29-21-34-30-9-0
Cost: 307
0-11-29-21-34-30-0
0-4-13-25-14-0
0-46-32-27-0
0-12-37-15-44-17-0
0-6-23-8-22-1-0
Cost: 307
0-12-37-15-44-17-0
0-11-29-21-34-30-0
0-46-32-27-0
0-6-23-8-22-1-0
0-4-13-25-14-0
Cost: 307
0-1-22-8-23-6-0
0-12-37-15-44-17-0
0-29-21-34-30-9-0
0-27-32-46-0
0-4-13-25-14-0
Cost: 307
0-1-22-8-23-6-0
0-17-44-15-37-12-0
0-46-32-27-0
0-11-29-21-34-30-0
0-14-25-13-4-0
Cost: 307
0-27-32-46-0
0-11-29-21-34-30-0
0-14-25-13-4-0
0-1-22-8-23-6-0
0-12-37-15-44-17-0
