Cost: 654
0-34-46-8-35-7-26-0
0-2-28-21-48-30-0
0-33-1-22-42-43-23-16-0
0-19-14-11-38-10-0
0-49-24-18-50-25-31-0
0-52-27-13-15-45-4-0
0-17-32-44-3-51-6-0
0-12-39-9-40-0
0-47-36-20-37-5-29-0
Cost: 654
0-47-36-20-37-5-29-0
0-12-39-9-40-0
0-26-7-35-8-46-34-0
0-16-23-41-42-22-1-33-0
0-49-24-18-50-25-31-0
0-4-45-15-13-27-52-0
0-2-28-21-48-30-0
0-6-51-3-44-32-17-0
0-10-38-11-14-19-0
Cost: 654
0-17-32-44-3-51-6-0
0-30-48-21-28-2-0
0-26-7-35-8-46-34-0
0-47-36-20-37-5-29-0
0-4-45-15-13-27-52-0
0-33-1-22-42-43-23-16-0
0-19-14-11-38-10-0
0-49-24-18-50-25-31-0
0-40-9-39-12-0
Cost: 655
0-29-5-36-37-20-15-0
0-10-38-11-53-7-0
0-30-48-21-28-2-0
0-52-13-27-45-4-0
0-6-51-3-44-32-40-0
0-35-14-19-8-46-34-0
0-31-25-50-18-24-49-0
0-26-12-39-9-17-0
0-33-1-22-42-41-23-16-0
Cost: 654
0-6-51-3-44-32-17-0
0-40-9-39-12-0
0-33-1-22-42-41-23-16-0
0-26-7-35-8-46-34-0
0-52-13-15-20-37-36-47-0
0-27-5-29-45-4-0
0-19-14-11-38-10-0
0-2-28-21-48-30-0
0-49-24-18-50-25-31-0
Cost: 654
0-31-25-50-18-24-49-0
0-30-48-21-28-2-0
0-17-32-44-3-51-6-0
0-34-46-8-35-7-26-0
0-10-38-11-14-19-0
0-47-36-20-37-5-29-0
0-40-9-39-12-0
0-52-27-13-15-45-4-0
0-16-23-41-42-22-1-33-0
Cost: 654
0-4-45-15-13-27-52-0
0-47-36-20-37-5-29-0
0-40-9-39-12-0
0-6-51-3-44-32-17-0
0-31-25-50-18-24-49-0
0-19-14-11-38-10-0
0-26-7-35-8-46-34-0
0-33-1-22-42-41-23-16-0
0-2-28-21-48-30-0
Cost: 654
0-10-38-11-14-19-0
0-30-48-21-28-2-0
0-33-1-22-42-41-23-16-0
0-6-51-3-44-32-17-0
0-47-36-20-37-5-29-0
0-49-24-18-50-25-31-0
0-34-46-8-35-7-26-0
0-4-45-15-13-27-52-0
0-12-39-9-40-0
Cost: 654
0-33-1-22-42-41-23-16-0
0-31-25-50-18-24-49-0
0-17-32-44-3-51-6-0
0-34-46-8-35-7-26-0
0-29-5-37-20-36-47-0
0-10-38-11-14-19-0
0-40-9-39-12-0
0-4-45-15-13-27-52-0
0-30-48-21-28-2-0
Cost: 654
0-2-28-21-48-30-0
0-17-32-44-3-51-6-0
0-26-7-35-8-46-34-0
0-49-24-18-50-25-31-0
0-19-14-11-38-10-0
0-4-45-15-13-27-52-0
0-47-36-20-37-5-29-0
0-40-9-39-12-0
0-33-1-22-42-41-23-16-0
Cost: 654
0-2-28-21-48-30-0
0-17-32-44-3-51-6-0
0-26-7-35-8-46-34-0
0-49-24-18-50-25-31-0
0-19-14-11-38-10-0
0-4-45-15-13-27-52-0
0-47-36-20-37-5-29-0
0-40-9-39-12-0
0-33-1-22-42-41-23-16-0
Cost: 654
0-17-32-44-3-51-6-0
0-2-28-21-48-30-0
0-26-7-35-8-46-34-0
0-16-23-41-42-22-1-33-0
0-10-38-11-14-19-0
0-52-27-13-15-45-4-0
0-47-36-20-37-5-29-0
0-12-39-9-40-0
0-49-24-18-50-25-31-0
Cost: 654
0-30-48-21-28-2-0
0-47-36-20-37-5-29-0
0-26-7-35-8-46-34-0
0-6-51-3-44-32-17-0
0-31-25-50-18-24-49-0
0-52-27-13-15-45-4-0
0-33-1-22-42-41-23-16-0
0-19-14-11-38-10-0
0-40-9-39-12-0
Cost: 654
0-26-7-35-8-46-34-0
0-4-45-29-5-27-0
0-30-48-21-28-2-0
0-49-24-18-50-25-31-0
0-52-13-15-20-37-36-47-0
0-6-51-3-44-32-17-0
0-40-9-39-12-0
0-19-14-11-38-10-0
0-16-23-43-42-22-1-33-0
Cost: 654
0-30-48-21-28-2-0
0-47-36-20-37-5-29-0
0-26-7-35-8-46-34-0
0-6-51-3-44-32-17-0
0-31-25-50-18-24-49-0
0-52-27-13-15-45-4-0
0-33-1-22-42-41-23-16-0
0-19-14-11-38-10-0
0-40-9-39-12-0
Cost: 654
0-30-48-21-28-2-0
0-47-36-20-37-5-29-0
0-26-7-35-8-46-34-0
0-6-51-3-44-32-17-0
0-31-25-50-18-24-49-0
0-52-27-13-15-45-4-0
0-33-1-22-42-41-23-16-0
0-19-14-11-38-10-0
0-40-9-39-12-0
Cost: 654
0-2-28-21-48-30-0
0-34-46-8-35-7-26-0
0-17-32-44-3-51-6-0
0-16-23-41-42-22-1-33-0
0-31-25-50-18-24-49-0
0-12-39-9-40-0
0-10-38-11-14-19-0
0-47-36-37-20-15-13-52-0
0-27-5-29-45-4-0
Cost: 654
0-17-32-44-3-51-6-0
0-31-25-50-18-24-49-0
0-26-7-35-8-46-34-0
0-33-1-22-42-41-23-16-0
0-47-36-37-20-15-13-52-0
0-19-14-11-38-10-0
0-40-9-39-12-0
0-4-45-29-5-27-0
0-2-28-21-48-30-0
Cost: 654
0-19-14-11-38-10-0
0-4-45-15-13-27-52-0
0-34-46-8-35-7-26-0
0-12-39-9-40-0
0-16-23-41-42-22-1-33-0
0-6-51-3-44-32-17-0
0-29-5-37-20-36-47-0
0-49-24-18-50-25-31-0
0-30-48-21-28-2-0
Cost: 654
0-19-14-11-38-10-0
0-4-45-15-13-27-52-0
0-34-46-8-35-7-26-0
0-12-39-9-40-0
0-16-23-41-42-22-1-33-0
0-6-51-3-44-32-17-0
0-29-5-37-20-36-47-0
0-49-24-18-50-25-31-0
0-30-48-21-28-2-0
Cost: 654
0-52-13-15-20-37-36-47-0
0-17-32-44-3-51-6-0
0-19-14-11-38-10-0
0-26-7-35-8-46-34-0
0-31-25-50-18-24-49-0
0-2-28-21-48-30-0
0-33-1-22-42-41-23-16-0
0-27-5-29-45-4-0
0-12-39-9-40-0
Cost: 654
0-10-38-11-14-19-0
0-30-48-21-28-2-0
0-49-24-18-50-25-31-0
0-47-36-20-37-5-29-0
0-6-51-3-44-32-17-0
0-4-45-15-13-27-52-0
0-16-23-41-42-22-1-33-0
0-34-46-8-35-7-26-0
0-12-39-9-40-0
Cost: 654
0-19-14-11-38-10-0
0-6-51-3-44-32-17-0
0-26-7-35-8-46-34-0
0-40-9-39-12-0
0-30-48-21-28-2-0
0-16-23-41-42-22-1-33-0
0-31-25-50-18-24-49-0
0-47-36-20-37-5-29-0
0-4-45-15-13-27-52-0
Cost: 654
0-10-38-11-14-19-0
0-30-48-21-28-2-0
0-49-24-18-50-25-31-0
0-47-36-20-37-5-29-0
0-6-51-3-44-32-17-0
0-4-45-15-13-27-52-0
0-16-23-41-42-22-1-33-0
0-34-46-8-35-7-26-0
0-12-39-9-40-0
Cost: 654
0-17-32-44-3-51-6-0
0-31-25-50-18-24-49-0
0-26-7-35-8-46-34-0
0-33-1-22-42-41-23-16-0
0-47-36-37-20-15-13-52-0
0-19-14-11-38-10-0
0-40-9-39-12-0
0-4-45-29-5-27-0
0-2-28-21-48-30-0
Cost: 654
0-27-5-29-45-4-0
0-33-1-22-42-41-23-16-0
0-31-25-50-18-24-49-0
0-47-36-37-20-15-13-52-0
0-26-7-35-8-46-34-0
0-6-51-3-44-32-17-0
0-19-14-11-38-10-0
0-30-48-21-28-2-0
0-40-9-39-12-0
Cost: 654
0-33-1-22-42-41-23-16-0
0-40-9-39-12-0
0-17-32-44-3-51-6-0
0-52-27-13-15-45-4-0
0-26-7-35-8-46-34-0
0-19-14-11-38-10-0
0-47-36-20-37-5-29-0
0-31-25-50-18-24-49-0
0-2-28-21-48-30-0
Cost: 664
0-26-7-35-8-46-34-0
0-3-44-32-9-39-0
0-4-45-29-48-2-0
0-28-21-47-36-20-37-0
0-6-51-17-40-12-0
0-30-5-15-13-27-52-0
0-33-1-22-42-43-23-16-0
0-49-24-18-50-25-31-0
0-10-38-11-14-19-0
Cost: 669
0-34-46-8-19-14-35-0
0-2-48-29-45-4-0
0-51-24-18-50-25-31-0
0-52-27-13-15-5-30-0
0-26-12-40-17-6-0
0-33-1-22-42-43-23-16-0
0-37-20-36-47-21-28-0
0-10-38-11-53-7-0
0-39-9-32-44-3-0
Cost: 654
0-34-46-8-35-7-26-0
0-6-51-3-44-32-17-0
0-27-5-29-45-4-0
0-12-39-9-40-0
0-47-36-37-20-15-13-52-0
0-33-1-22-42-43-23-16-0
0-31-25-50-18-24-49-0
0-10-38-11-14-19-0
0-30-48-21-28-2-0
Cost: 654
0-27-5-29-45-4-0
0-40-9-39-12-0
0-26-7-35-8-46-34-0
0-17-32-44-3-51-6-0
0-16-23-41-42-22-1-33-0
0-47-36-37-20-15-13-52-0
0-31-25-50-18-24-49-0
0-19-14-11-38-10-0
0-30-48-21-28-2-0
