Cost: 324
0-45-29-37-36-21-30-0
0-33-63-23-22-62-2-0
0-26-7-35-53-14-19-8-0
0-34-46-52-4-0
0-17-40-9-39-58-12-0
Cost: 324
0-2-62-22-23-63-33-0
0-17-40-9-39-58-12-0
0-30-21-36-37-29-45-0
0-4-27-52-34-0
0-46-8-19-14-53-35-7-0
Cost: 324
0-45-29-37-36-21-30-0
0-33-63-23-22-62-2-0
0-26-7-35-53-14-19-8-0
0-34-46-52-4-0
0-17-40-9-39-58-12-0
Cost: 324
0-45-29-37-36-21-30-0
0-12-58-39-9-40-17-0
0-4-27-52-34-0
0-7-35-53-14-19-8-46-0
0-2-62-22-23-63-33-0
Cost: 324
0-30-21-36-37-29-45-0
0-2-62-22-23-63-33-0
0-17-40-9-39-58-12-0
0-8-19-14-53-35-7-26-0
0-4-52-46-34-0
Cost: 324
0-4-52-34-46-0
0-17-40-9-39-58-12-0
0-2-62-22-23-63-33-0
0-30-21-36-37-29-45-0
0-26-7-35-53-14-19-8-0
Cost: 324
0-46-8-19-14-53-35-7-0
0-12-58-39-9-40-17-0
0-30-21-36-37-29-45-0
0-34-52-27-4-0
0-33-63-23-22-62-2-0
Cost: 324
0-46-8-19-14-53-35-7-0
0-45-29-37-36-21-30-0
0-2-62-22-23-63-33-0
0-12-58-39-9-40-17-0
0-34-52-27-4-0
Cost: 324
0-46-34-52-4-0
0-30-21-36-37-29-45-0
0-17-40-9-39-58-12-0
0-2-62-22-23-63-33-0
0-8-19-14-53-35-7-26-0
Cost: 324
0-7-35-53-14-19-8-46-0
0-33-63-23-22-62-2-0
0-12-58-39-9-40-17-0
0-34-52-27-4-0
0-30-21-36-37-29-45-0
Cost: 324
0-7-35-53-14-19-8-46-0
0-33-63-23-22-62-2-0
0-12-58-39-9-40-17-0
0-34-52-27-4-0
0-30-21-36-37-29-45-0
Cost: 324
0-7-35-53-14-19-8-46-0
0-33-63-23-22-62-2-0
0-12-58-39-9-40-17-0
0-34-52-27-4-0
0-30-21-36-37-29-45-0
Cost: 324
0-30-21-36-37-29-45-0
0-12-58-39-9-40-17-0
0-34-52-27-4-0
0-33-63-23-22-62-2-0
0-46-8-19-14-53-35-7-0
Cost: 324
0-7-35-53-14-19-8-46-0
0-33-63-23-22-62-2-0
0-12-58-39-9-40-17-0
0-34-52-27-4-0
0-30-21-36-37-29-45-0
Cost: 324
0-7-35-53-14-19-8-46-0
0-33-63-23-22-62-2-0
0-12-58-39-9-40-17-0
0-34-52-27-4-0
0-30-21-36-37-29-45-0
Cost: 324
0-45-29-37-36-21-30-0
0-34-8-19-14-53-35-7-26-0
0-33-63-23-22-62-2-0
0-12-58-39-9-40-17-0
0-4-52-46-0
Cost: 324
0-33-63-23-22-62-2-0
0-46-34-52-4-0
0-26-7-35-53-14-19-8-0
0-45-29-37-36-21-30-0
0-12-58-39-9-40-17-0
Cost: 324
0-46-52-4-0
0-26-7-35-53-14-19-8-34-0
0-17-40-9-39-58-12-0
0-45-29-37-36-21-30-0
0-2-62-22-23-63-33-0
Cost: 324
0-46-52-4-0
0-26-7-35-53-14-19-8-34-0
0-17-40-9-39-58-12-0
0-45-29-37-36-21-30-0
0-2-62-22-23-63-33-0
Cost: 324
0-4-52-46-34-0
0-8-19-14-53-35-7-26-0
0-12-58-39-9-40-17-0
0-2-62-22-23-63-33-0
0-30-21-36-37-29-45-0
Cost: 324
0-4-52-46-34-0
0-8-19-14-53-35-7-26-0
0-12-58-39-9-40-17-0
0-2-62-22-23-63-33-0
0-30-21-36-37-29-45-0
Cost: 324
0-34-52-27-4-0
0-46-8-19-14-53-35-7-0
0-17-40-9-39-58-12-0
0-45-29-37-36-21-30-0
0-2-62-22-23-63-33-0
Cost: 324
0-4-52-46-34-0
0-8-19-14-53-35-7-26-0
0-12-58-39-9-40-17-0
0-2-62-22-23-63-33-0
0-30-21-36-37-29-45-0
Cost: 324
0-33-63-23-22-62-2-0
0-46-34-52-4-0
0-26-7-35-53-14-19-8-0
0-45-29-37-36-21-30-0
0-12-58-39-9-40-17-0
Cost: 324
0-46-52-4-0
0-26-7-35-53-14-19-8-34-0
0-17-40-9-39-58-12-0
0-45-29-37-36-21-30-0
0-2-62-22-23-63-33-0
Cost: 324
0-46-8-19-14-53-35-7-0
0-12-58-39-9-40-17-0
0-30-21-36-37-29-45-0
0-4-27-52-34-0
0-33-63-23-22-62-2-0
Cost: 324
0-17-40-9-39-58-12-0
0-46-52-4-0
0-30-21-36-37-29-45-0
0-26-7-35-53-14-19-8-34-0
0-2-62-22-23-63-33-0
Cost: 324
0-45-29-37-36-21-30-0
0-4-52-46-34-0
0-8-19-14-53-35-7-26-0
0-2-62-22-23-63-33-0
0-17-40-9-39-58-12-0
Cost: 324
0-17-40-9-39-58-12-0
0-33-63-23-22-62-2-0
0-46-34-52-4-0
0-26-7-35-53-14-19-8-0
0-30-21-36-37-29-45-0
Cost: 324
0-30-21-36-37-29-45-0
0-4-27-52-34-0
0-46-8-19-14-53-35-7-0
0-17-40-9-39-58-12-0
0-33-63-23-22-62-2-0
